obsid,Teff,log(g),[M/H],Mass,Radius
100112057,0.3600770218228497,0.3875598086124402,0.8214934136825434,0.3113278319579895,0.2267463034452618
105606073,0.4050064184852373,0.177432216905901,0.3454243442654614,0.1420355088772193,0.4129579721756865
1057405239,0.4845956354300385,0.3492822966507176,0.6842044269324371,0.0837709427356839,0.2003787602884405
1059210095,0.3440308087291397,0.1814194577352472,0.5599721868119132,0.1332833208302075,0.3395367470318304
1059304078,0.2034659820282414,0.1806220095693779,0.7029010700351528,0.2343085771442861,0.4982154563333091
1059306091,0.4043645699614888,0.5011961722488038,0.7575230810831691,0.1545386346586647,0.0706897807560637
1059308027,0.261232349165597,0.3863636363636363,0.7706184571406497,0.1515378844711177,0.1764877267098842
1059308126,0.4088575096277278,0.4641148325358849,0.6529532197628153,0.0817704426106527,0.2089372860368563
1059313099,0.3960205391527598,0.3771929824561403,0.7210182717193958,0.2080520130032508,0.2290407167310073
1068007028,0.4197689345314503,0.5917065390749602,0.8266311275930003,0.1780445111277819,0.0429018865175904
1085503124,0.4813863928112964,0.3106060606060605,0.6448796693320971,0.1140285071267817,0.2366523417583218
1085601053,0.3973042362002568,0.3265550239234449,0.7849499748908718,0.1737934483620905,0.257775511690582
1097309214,0.3664955070603337,0.4047049441786284,0.6890717348476069,0.1835458864716179,0.1441110058999198
1111602005,0.509627727856226,0.6303827751196173,0.7592227759106887,0.2083020755188797,0.0538276640687595
116802214,0.3453145057766367,0.314194577352472,0.8009811874686136,0.1637909477369342,0.2666618107655328
116804062,0.3241335044929396,0.3652312599681021,0.761501912156681,0.1420355088772193,0.159953383349115
116807127,0.4717586649550704,0.3185805422647527,0.6861745277552439,0.1235308827206801,0.2264549493772307
116809017,0.4332477535301668,0.284688995215311,0.5153165681616254,0.1735433858464616,0.3057032558817103
116810058,0.250320924261874,0.325358851674641,0.8880905473789933,0.0935233808452113,0.2183698739893655
116810117,0.3793324775353017,0.3624401913875598,0.6835477266581681,0.1792948237059264,0.2298419404180931
116810150,0.3896020539152758,0.435805422647528,0.7391354734036388,0.1870467616904226,0.1442566829339354
116810200,0.3376123234916557,0.2344497607655502,0.6517943369258701,0.1760440110027507,0.3807269283997377
116814235,0.4544287548138639,0.5637958532695374,0.6269169853594467,0.1437859464866216,0.0870056085658096
116815015,0.2522464698331195,0.3022328548644337,0.8816780623478966,0.1540385096274068,0.2615995338334912
116906165,0.5044929396662385,0.6399521531100477,0.7146057866882991,0.2380595148787197,0.0958190691237526
117901075,0.1790757381258023,0.2065390749601274,0.6673233669409355,0.0950237559389847,0.3602957243790516
117901093,0.4621309370988444,0.5486443381180223,0.7598408467570594,0.2983245811452863,0.1068541044504333
117904054,0.4101412066752243,0.3452950558213716,0.7770695715996445,0.1492873218304576,0.228822201179984
117913204,0.1964056482670089,0.232456140350877,0.7734384053772163,0.1517879469867467,0.3211814407458664
119703009,0.1919127086007699,0.166267942583732,0.6896511762660794,0.1560390097524381,0.473887391652706
119703190,0.3164313222079586,0.3050239234449761,0.8162398114883918,0.2673168292073019,0.3346565663923083
119703199,0.3234916559691911,0.5123604465709727,0.9160582531772704,0.2083020755188797,0.0969116468788695
119704077,0.4146341463414633,0.3596491228070174,0.8209526016919689,0.2055513878469617,0.2627285308471119
119704189,0.3664955070603337,0.3209728867623603,0.7733225170935218,0.172293073268317,0.2670988418675796
119706248,0.3440308087291397,0.2791068580542263,0.7107042144705836,0.2415603900975244,0.2842887318814189
119708097,0.3177150192554556,0.3405103668261563,0.8798238498087843,0.1612903225806451,0.2382912083909971
119709074,0.3209242618741976,0.3197767145135566,0.8523583265731834,0.2083020755188797,0.2778425231262291
119714109,0.3985879332477533,0.350079744816587,0.7879244408390311,0.1122780695173793,0.2192439361934591
122603249,0.5757381258023107,0.3939393939393939,0.6376173368872406,0.080770192548137,0.2040571053973341
125503017,0.3863928112965338,0.4740829346092504,0.7075752308108316,0.1362840710177544,0.1193094908587661
126013001,0.4345314505776634,0.4999999999999999,0.7330320237957275,0.1812953238309577,0.0864229004297472
126013057,0.4197689345314503,0.6152312599681019,0.8201800131340055,0.1475368842210552,0.0192657877485614
132501007,0.269576379974326,0.2870813397129185,0.8323096534940317,0.2435608902225556,0.3444169276713525
132502139,0.2137355584082154,0.2472089314194577,0.7834820566307412,0.0962740685171293,0.2336295433024983
132505117,0.3722721437740692,0.4405901116427432,0.729323598717503,0.1515378844711177,0.1808216184718479
132505150,0.3786906290115532,0.3971291866028709,0.6890331054197086,0.148287071767942,0.1604268337096656
132505220,0.5012836970474965,0.325358851674641,0.6655077838297214,0.1385346336584146,0.2387282394930439
132508005,0.3620025673940947,0.3241626794258372,0.7282806041642522,0.0640160040010002,0.2047126520504042
132508117,0.3119383825417201,0.3193779904306218,0.6276509444895121,0.1067766941735434,0.2406220409352465
132508118,0.4037227214377403,0.2623604465709728,0.6429095685092903,0.2828207051762941,0.4062204093524656
132508151,0.4172015404364568,0.4860446570972886,0.7279715687410668,0.1380345086271567,0.0680311748852793
132609005,0.2946084724005136,0.1224082934609249,0.5655348244292502,0.040260065016254,0.3796707699031247
135204156,0.279204107830552,0.3644338118022326,0.6938617839069803,0.1197799449862465,0.1533614975599096
135802053,0.2284980744544285,0.2073365231259968,0.5618263993510255,0.1332833208302075,0.3950032777332654
135802127,0.8517329910141207,0.5418660287081339,0.7636265306910804,0.1822955738934734,0.2546434554592468
135803003,0.5789473684210527,0.3979266347687399,0.0,0.121030257564391,0.2598514094253041
135803082,0.4704749679075735,0.3556618819776713,0.6975702089852048,0.1430357589397349,0.2505644985068104
135804160,0.3254172015404362,0.1399521531100478,0.4828292192992621,0.1317829457364341,0.4856143928909607
135805186,0.3632862644415917,0.5263157894736842,0.8434735581566036,0.1847961990497624,0.0817976545997523
135805220,0.3279845956354297,0.3608452950558213,0.9098775447135627,0.2505626406601651,0.1548182679000655
135809073,0.4897304236200255,0.3724082934609248,0.7064936068296828,0.3725931482870718,0.3078155728749363
135809081,0.1482670089858793,0.0889154704944177,0.6670915903735465,0.1045261315328832,0.5757884769466094
135815111,0.3684210526315787,0.367224880382775,0.6668984432340557,0.1530382595648912,0.2063150994245757
135815141,0.2657252888318355,0.3405103668261563,0.9166763240236412,0.1582895723930983,0.2505280792483065
139906215,0.3498074454428752,0.435805422647528,0.6955614787344999,0.164291072768192,0.1310729113555248
139907126,0.2336328626444159,0.2962519936204146,0.6683663614941862,0.134783695923981,0.2696846092213563
141703084,0.3998716302952503,0.5582137161084529,0.6930891953490168,0.1342835708927232,0.0608930002185155
141708014,0.3421052631578947,0.5765550239234448,0.779850890408313,0.1460365091272818,0.0455969116468788
141708148,0.4204107830551988,0.3086124401913875,0.6611040290493297,0.1140285071267817,0.2338116395950178
141711159,0.4942233632862645,0.3102073365231259,0.5852744620852164,0.0637659414853713,0.2043484594653652
141803249,0.5198973042362001,0.335725677830941,0.3722331672267933,0.1205301325331333,0.2400029135406803
141807226,0.3440308087291397,0.4453748006379584,0.6154440452736895,0.0985246311577894,0.1607181877776969
144907229,0.3010269576379971,0.3955342902711324,0.8179395063159114,0.1612903225806451,0.1769975963289387
157802173,0.2163029525032089,0.2300637958532695,0.736508672306563,0.1227806951737934,0.38345837278753
157803053,0.3555840821566107,0.354066985645933,0.627187391354734,0.1287821955488872,0.1985942166217496
157803109,0.4107830551989728,0.5147527910685804,0.6673619963688338,0.1355338834708677,0.0839463908514822
157804063,0.4550706033376124,0.3269537480063795,0.6760922470738208,0.1325331332833208,0.2632384004661665
157808037,0.3350449293966622,0.3712121212121212,0.6400896202727238,0.1155288822205551,0.1598805448321072
157811009,0.2676508344030806,0.3771929824561403,0.7493336423687564,0.1500375093773443,0.1603539951926578
157814132,0.3703465982028242,0.5917065390749602,0.7384787731293699,0.1242810702675669,0.0284434408915434
159409037,0.4736842105263155,0.4840510366826155,0.9014949588596592,0.4161040260065016,0.1994682788258431
159409135,0.4229781771501923,0.3628389154704942,0.7834820566307412,0.2878219554888722,0.2622914997450652
159412012,0.2381258023106545,0.3269537480063795,0.7346544597674508,0.1300325081270317,0.1950615485468716
159412017,0.5391527599486521,0.441786283891547,0.7185846177618109,0.3845961490372593,0.2756937868744992
159412093,0.3382541720154042,0.3676236044657096,0.6983041681152702,0.1467866966741685,0.1638866632675359
159412101,0.251604621309371,0.3125996810207335,0.9247885038822574,0.1795448862215554,0.2543885206497196
159412158,0.253530166880616,0.3177830940988834,0.9257542395797118,0.1592898224556139,0.2405856216767427
159412180,0.3876765083440308,0.297846889952153,0.7271217213273071,0.1220305076269067,0.3015150411537621
159412188,0.4249037227214374,0.3915470494417862,0.8248928033375825,0.4033508377094274,0.2817029645276422
160109134,0.1655969191270858,0.2492025518341307,0.8070460076486267,0.1667916979244811,0.3289387428071965
160113046,0.3145057766367136,0.3082137161084528,0.588519334028663,0.0842710677669417,0.1855561220773544
160113225,0.5911424903722722,0.4996012759170655,0.7891605825317727,0.3758439609902476,0.1704057105397333
182806224,0.3369704749679076,0.4760765550239233,0.8192529068644493,0.1497874468617154,0.0957826498652487
184602109,0.6110397946084722,0.2563795853269536,0.3572835786302004,0.196549137284321,0.2748561439289095
184613043,0.1611039794608473,0.1176236044657096,0.5924981651021748,0.1010252563140785,0.4468278825843105
186101086,0.3549422336328627,0.39274322169059,0.6679414377873063,0.0882720680170042,0.1681112972539879
186105019,0.2984595635430036,0.3887559808612441,0.7715455634102059,0.1300325081270317,0.1567849078592759
187401033,0.3671373555840822,0.5239234449760765,0.7395603971105187,0.1317829457364341,0.043411756136645
187401244,0.3446726572528882,0.5115629984051037,0.8737590296287712,0.1875468867216804,0.0927962706679292
187402037,0.3267008985879331,0.2990430622009569,0.8081276316297755,0.1080270067516879,0.2335202855269866
187402117,0.3196405648267006,0.465311004784689,0.7639355661142658,0.1340335083770942,0.0894456988855706
187404202,0.3671373555840822,0.39274322169059,0.9019971414223354,0.2945736434108527,0.2674266151941147
187405200,0.3812580231065468,0.4665071770334928,0.8119133155637964,0.2600650162540635,0.1662539150702891
187406203,0.3767650834403078,0.5059808612440192,0.7779966778692007,0.1450362590647662,0.0638793794158351
187407029,0.3478818998716302,0.3955342902711324,0.7230270019701008,0.1950487621905476,0.1906912375264039
187407030,0.2965340179717586,0.3791866028708134,0.7829412446401668,0.1740435108777194,0.1963726418530118
187501132,0.3465982028241332,0.3261562998405104,0.8108316915826476,0.0882720680170042,0.2227766042683371
187503248,0.0911424903722721,0.2117224880382773,0.8991385637578707,0.172293073268317,0.4423118945298273
187506089,0.5173299101412066,0.3329346092503986,0.6080658245451385,0.0757689422355589,0.1917473960230169
187506152,0.3376123234916557,0.580542264752791,0.9427125584270096,0.1360340085021255,0.0221429091703692
187507127,0.3709884467265723,0.3153907496012759,0.7110518793216671,0.0840210052513128,0.2306795833636827
187509119,0.3305519897304236,0.4019138755980861,0.762660794993626,0.1650412603150787,0.1809308762473596
187509202,0.3029525032092426,0.3401116427432216,0.6410167265422798,0.1272818204551138,0.1882511472066428
190407133,0.4204107830551988,0.3456937799043061,0.6786804187429983,0.2855713928482121,0.2248889212615631
190407224,0.3344030808729137,0.3030303030303028,0.6252172905319272,0.1352838209552388,0.2695025129288367
190507204,0.3863928112965338,0.2779106858054226,0.715687410669448,0.1260315078769692,0.2812659334255954
190507220,0.4184852374839538,0.3397129186602869,0.6487812415498125,0.2878219554888722,0.384186757957608
190507227,0.3658536585365852,0.3728070175438597,0.6714953451539383,0.1330332583145786,0.1795833636827154
195404173,0.2413350449293965,0.3201754385964912,0.8106385444431567,0.1692923230807702,0.2310073566902178
195411023,0.4062901155327343,0.5470494417862838,0.6805346312821107,0.1275318829707427,0.0358365503678344
195411199,0.3876765083440308,0.5637958532695374,0.8579982230463167,0.1715428857214304,0.0454512346128632
195412195,0.3003851091142491,0.3955342902711324,0.7017808166261057,0.0922730682670667,0.1313642654235559
195413176,0.4582798459563539,0.3118022328548644,0.7084637076524896,0.2700675168792198,0.3560710903925995
195416068,0.4287548138639279,0.5765550239234448,0.8041101711283656,0.1882970742685671,0.0607473231844999
195416081,0.2426187419768934,0.2220893141945773,0.7560937922509368,0.2610652663165791,0.4383786146114065
200802134,0.3478818998716302,0.363237639553429,0.8107544327268512,0.1220305076269067,0.2335567047854906
200803249,0.3671373555840822,0.4278309409888358,0.731100552400819,0.1622905726431607,0.1533979168184136
200807045,0.514762516046213,0.3249601275917064,0.6531077374744079,0.2073018254563641,0.2544613591667274
200807104,0.0673940949935816,0.1291866028708133,0.7285123807316413,0.2068017004251063,0.5519702818850608
200807124,0.3934531450577663,0.5334928229665071,0.8234635145053502,0.1962990747686921,0.0669385971301624
200903086,0.2362002567394094,0.2288676236044656,0.618032216942867,0.1355338834708677,0.3547235778279555
200905186,0.4525032092426184,0.6523125996810207,0.7721636342565766,0.1497874468617154,0.0043703110204676
202801028,0.3023106546854941,0.3413078149920254,0.6770193533433769,0.1440360090022505,0.2007065336149756
202801044,0.241976893453145,0.3887559808612441,0.9109205392668134,0.1420355088772193,0.1490276057979459
202801147,0.3112965340179716,0.3437001594896332,0.7611928767334956,0.0550137534383596,0.2060237453565445
202801176,0.3754813863928112,0.4924242424242423,0.6774442770502569,0.1070267566891723,0.0733483866268482
202801198,0.3761232349165597,0.3365231259968101,0.7602657704639394,0.1530382595648912,0.2522397843979896
202802014,0.5718870346598202,0.5562200956937798,0.6523351489164445,0.2530632658164541,0.1010634423483138
202802037,0.3048780487804876,0.1917862838915469,0.7445822227372813,0.5273818454613655,0.654709010124554
202802098,0.2169448010269574,0.2811004784688995,0.7645922663885347,0.094273568392098,0.2555539369218442
202802100,0.3940949935815148,0.5797448165869218,0.7303665932707536,0.1127781945486371,0.0146041226600626
202802130,0.1887034659820279,0.3413078149920254,0.9313168771970488,0.215553888472118,0.2318449996358074
202802160,0.3613607188703462,0.3460925039872408,0.8316529532197627,0.1270317579394848,0.2200087406220409
202802163,0.2233632862644414,0.4393939393939393,0.9751612778614748,0.2008002000500125,0.147243062131255
202802175,0.3812580231065468,0.5889154704944178,0.8050759068258199,0.1395348837209302,0.0308835312113045
202802207,0.3555840821566107,0.3393141945773524,0.7437710047514196,0.1740435108777194,0.2075533542137082
202802221,0.4942233632862645,0.3656299840510365,0.6999652335148916,0.2435608902225556,0.2477966348605142
202805176,0.3831835686777918,0.501993620414673,0.7098157376289257,0.1370342585646411,0.0769903124772379
202805188,0.5198973042362001,0.4736842105263156,0.4059566577818981,0.1147786946736684,0.0875883167018719
202805246,0.5192554557124516,0.3429027113237639,0.6161007455479584,0.0875218804701175,0.2064971957170952
202806203,0.4749679075738124,0.6036682615629984,0.7271217213273071,0.1855463865966491,0.0627868016607181
202806220,0.3311938382541717,0.4066985645933013,0.7741723645072816,0.1785446361590398,0.176524145968388
202806233,0.4460847240051349,0.469298245614035,0.9077915556070614,0.3955988997249313,0.2177507465947993
202807119,0.527599486521181,0.6487240829346091,0.6992699038127245,0.1887971992998249,0.0436666909461723
202807202,0.3568677792041077,0.4342105263157895,0.7440800401746049,0.1342835708927232,0.110496030300823
202807240,0.1623876765083438,0.0769537480063794,0.6850542743461969,0.0920230057514378,0.605579430402797
202809060,0.274711168164313,0.4258373205741627,0.798161239232047,0.2010502625656414,0.2327554810984048
202809064,0.3844672657252888,0.3644338118022326,0.8271333101556766,0.2655663915978994,0.2654235559764003
202809073,0.1726572528883183,0.1236044657097287,0.7501834897825163,0.1462865716429107,0.6193094908587661
202810048,0.4120667522464698,0.6180223285486443,0.7099316259126202,0.1090272568142035,0.0126010634423482
202810071,0.3151476251604621,0.4892344497607656,0.8857341522772048,0.1682920730182545,0.0923228203073785
202810118,0.3626444159178432,0.4593301435406697,0.7793487078456367,0.1960490122530632,0.1314735231990676
202810163,0.4107830551989728,0.534688995215311,0.7645922663885347,0.1620405101275319,0.0671935319396897
202810173,0.3767650834403078,0.3867623604465707,0.6707613860238729,0.1162790697674418,0.1503022798455823
202812004,0.2869062901155326,0.5163476874003189,0.9426352995712132,0.1720430107526881,0.0688688178308689
202812009,0.4390243902439024,0.478468899521531,0.7086182253640823,0.1507876969242311,0.1060893000218515
202813173,0.517971758664955,0.6108452950558213,0.6018851160814308,0.1082770692673168,0.0142035108165197
203011030,0.1964056482670089,0.1566985645933014,0.6237880016996947,0.0665166291572893,0.3302498361133368
203013042,0.2175866495507059,0.2033492822966506,0.7292077104338084,0.0192548137034258,0.2193531939689708
203013071,0.2689345314505775,0.2986443381180224,0.828794375555298,0.1125281320330082,0.2567557724524728
203013145,0.2766367137355581,0.2539872408293461,0.6154054158457913,0.1107776944236059,0.2823585111807124
203014017,0.3536585365853657,0.0940988835725677,0.3457333796886467,0.0987746936734183,0.5358365503678346
205211107,0.4801026957637995,0.3409090909090908,0.6179163286591725,0.0902725681420355,0.2337752203365139
206814031,0.2869062901155326,0.531499202551834,0.9575076293120098,0.1582895723930983,0.0633330905382766
208503197,0.5404364569961486,0.3369218500797447,0.5879785220380885,1.0000000000000002,0.6811858110568869
208506072,0.2426187419768934,0.3847687400318978,0.8785877081160428,0.1460365091272818,0.1571855197028188
208513231,0.2997432605905006,0.4354066985645933,0.75412369142813,0.1075268817204301,0.1028115667565008
214601080,0.3177150192554556,0.3397129186602869,0.8384517325298412,0.1445361340335084,0.255299002112317
214601100,0.4724005134788189,0.366427432216906,0.7491018658013674,0.1525381345336334,0.2337752203365139
214607040,0.4152759948652118,0.4413875598086122,0.7794645961293313,0.1972993248312078,0.1595527715055722
214607064,0.2702182284980745,0.1375598086124401,0.7486769420944875,0.4033508377094274,0.48514094253041
214607157,0.2362002567394094,0.3337320574162677,0.7334569475026075,0.0682670667666916,0.1826061621385388
214707014,0.3299101412066751,0.376395534290271,0.643064086220883,0.1342835708927232,0.166654526913832
214707240,0.4133504492939663,0.325358851674641,0.7178892880596438,0.1462865716429107,0.2538058125136572
214806193,0.2605905006418485,0.4266347687400319,0.8112952447174256,0.1135283820955239,0.0988054483210721
224213040,0.4537869062901154,0.4082934609250398,0.8035307297098929,0.2913228307076769,0.2638575278607328
227306027,0.5295250320924261,0.5422647527910686,0.7323366940935604,0.3250812703175794,0.1103867725253114
227306028,0.4435173299101409,0.4190590111642741,0.6392784022868621,0.1907976994248562,0.1805302644038167
227306177,0.4653401797175864,0.4541467304625198,0.8076254490670993,0.3350837709427357,0.229878359676597
227307009,0.2272143774069319,0.3149920255183412,0.8935759261405338,0.1187796949237309,0.2454293830577609
227307018,0.4249037227214374,0.4222488038277511,0.7219840074168501,0.2055513878469617,0.1719353193968971
227307024,0.2702182284980745,0.4473684210526315,0.8054235716769034,0.1695423855963991,0.1202928108383713
227307071,0.3953786906290113,0.2496012759170652,0.6791053424498783,0.0755188797199299,0.2538786510306651
227307089,0.2939666238767651,0.2715311004784688,0.7040213234441998,0.1397849462365591,0.2744919513438706
227307111,0.3241335044929396,0.363237639553429,0.6989608683895391,0.1547886971742936,0.2012892417510379
227307131,0.3973042362002568,0.5334928229665071,0.820759454552478,0.1910477619404851,0.0783014057833782
227308005,0.5320924261874196,0.6016746411483253,0.6724610808513926,0.1247811952988247,0.0158423774491951
227308049,0.3042362002567391,0.5283094098883571,0.923359215050025,0.1907976994248562,0.0679219171097676
227308057,0.2560975609756095,0.3616427432216905,0.7868428168578823,0.1410352588147037,0.1781265933425595
227308068,0.3748395378690627,0.3460925039872408,0.8240043264959246,0.1597899474868717,0.2322456114793502
227308089,0.4094993581514763,0.4533492822966506,0.6983814269710665,0.1650412603150787,0.1258649573894675
227308132,0.3119383825417201,0.3552631578947368,0.8859272994166956,0.1807951987996999,0.2522397843979896
227308189,0.5455712451861361,0.5007974481658691,0.8186348360180785,0.3973493373343336,0.1796926214582271
227308205,0.2939666238767651,0.2838915470494416,0.7886197705411983,0.1282820705176294,0.2508922718333455
227308208,0.4582798459563539,0.5139553429027112,0.7298257812801792,0.2170542635658914,0.0881710248379342
227308215,0.3543003851091142,0.5007974481658691,0.7337659829257928,0.1205301325331333,0.0572510743681258
227308221,0.5025673940949935,0.3899521531100477,0.7199752771661451,0.3723430857714428,0.3205623133513001
227309057,0.4165596919127083,0.3728070175438597,0.7915169776335612,0.2405601400350088,0.2642945589627795
227312148,0.3677792041078302,0.3476874003189791,0.7108973616100744,0.1455363840960239,0.2043848787238692
227312213,0.4525032092426184,0.3385167464114831,0.6450341870436899,0.078019504876219,0.2113773763566173
227312222,0.4602053915275994,0.5538277511961721,0.7256924324950746,0.1555388847211803,0.0598004224633986
227313137,0.2593068035943515,0.3967304625199362,0.8022945880171515,0.1475368842210552,0.1287784980697792
227313220,0.3998716302952503,0.4565390749601276,0.7087341136477768,0.1432858214553639,0.1088207444096438
227406005,0.3234916559691911,0.4808612440191387,0.8863522231235755,0.1857964491122781,0.0934882365795032
227406130,0.498716302952503,0.2994417862838915,0.6357244949202302,0.3868467116779194,0.4018500983319979
227407014,0.1630295250320923,0.3054226475279107,0.976088384131031,0.2003000750187547,0.300131109330614
227407070,0.3652118100128367,0.5239234449760765,0.8011357051802063,0.1475368842210552,0.0520795396605725
227408105,0.4711168164313219,0.5247208931419457,0.6682118437825936,0.1530382595648912,0.0895185374025784
227408106,0.3722721437740692,0.316188197767145,0.665198748406536,0.1702925731432858,0.2359239565882438
227408222,0.3164313222079586,0.5402711323763955,0.8618225364082357,0.140035008752188,0.0413722776604268
227409060,0.2458279845956354,0.3779904306220095,0.8995634874647506,0.1930482620655164,0.1932041663631728
227413246,0.5269576379974326,0.645933014354067,0.8147718932282613,0.2235558889722431,0.0344526185446864
229306160,0.3376123234916557,0.3476874003189791,0.5499671649862865,0.1325331332833208,0.1842086095127103
229701094,0.2066752246469834,0.2906698564593302,0.8242361030633136,0.1322830707676919,0.2820307378541773
229701143,0.1655969191270858,0.2763157894736842,0.9030401359755862,0.172543135783946,0.286364629616141
229701213,0.3806161745827983,0.364035087719298,0.737358519720323,0.0947736934233558,0.2156748488600771
229701231,0.3395378690629012,0.2196969696969695,0.6918916830841735,0.2728182045511378,0.5392963799257048
229702048,0.3311938382541717,0.3409090909090908,0.9131224166570092,0.1850462615653914,0.2338480588535217
229702071,0.4293966623876764,0.3811802232854865,0.7975431683856762,0.31807951987997,0.2870201762692111
229702102,0.5359435173299101,0.3405103668261563,0.6060957237223317,0.056514128532133,0.1785272051861024
229704077,0.3960205391527598,0.4617224880382774,0.6935527484837949,0.1115278819704926,0.0505499308034088
229704080,0.3459563543003852,0.5996810207336524,0.9553830107776105,0.1895473868467117,0.0295360186466603
229704093,0.2920410783055196,0.4968102073365231,0.8036852474214856,0.1242810702675669,0.0649355379124481
229704206,0.4531450577663669,0.498006379585327,0.6546529145903348,0.1440360090022505,0.0905746958991914
229705086,0.3825417201540433,0.515151515151515,0.6568934214084289,0.1075268817204301,0.0721465510962196
229705092,0.4691912708600769,0.3444976076555023,0.6988836095337427,0.1182795698924731,0.2339937358875373
229705228,0.2560975609756095,0.3624401913875598,0.8783945609765519,0.2200550137534384,0.2176414888192876
229708202,0.3433889602053912,0.3293460925039873,0.7253447676439911,0.180545136284071,0.2357782795542283
229709007,0.4216944801026958,0.3943381180223285,0.8584617761810948,0.1737934483620905,0.1799839755262583
229709052,0.2477535301668805,0.3656299840510365,0.8781241549812647,0.1372843210802701,0.1741933134241387
229709088,0.4480102695763799,0.5964912280701754,0.7779194190134043,0.1310327581895473,0.0117634204967586
229710206,0.4897304236200255,0.4477671451355661,0.8180167651717077,0.3850962740685171,0.263056304173647
229712216,0.4030808729139923,0.335725677830941,0.740294356240584,0.0877719429857464,0.2148736251729914
230503036,0.0917843388960202,0.175438596491228,0.822536408235794,0.1152788197049262,0.435355816155583
230604062,0.2644415917843385,0.498006379585327,0.894271255842701,0.1970492623155789,0.0903197610896642
230615005,0.2073170731707314,0.29585326953748,0.7333410592189129,0.1332833208302075,0.2636025930512055
237213135,0.1636713735558408,0.1208133971291866,0.6860586394715493,0.2850712678169542,0.7409133950032777
237304213,0.3812580231065468,0.5342902711323764,0.6983814269710665,0.113278319579895,0.0481098404836477
237708024,0.3164313222079586,0.2316586921850079,0.53868737204002,0.1525381345336334,0.372168402651322
237714208,0.1341463414634143,0.1598883572567782,0.6705296094564839,0.0575143785946486,0.3912156748488601
238405096,0.4833119383825415,0.2691387559808611,0.603932475760034,0.1207801950487622,0.2987107582489621
238415017,0.2991014120667521,0.2456140350877192,0.5571136091474485,0.0865216304076019,0.248925631874135
238504102,0.3530166880616172,0.350079744816587,0.6076795302661567,0.1697924481120279,0.1946245174448248
244204097,0.485879332477535,0.2930622009569377,0.6519102252095645,0.0657664416104026,0.2005972758394638
248703007,0.4358151476251604,0.3329346092503986,0.7195889828871633,0.1085271317829457,0.218551970281885
248703154,0.1598202824133503,0.1862041467304624,0.8000540811990574,0.2663165791447862,0.5109257775511691
248703247,0.4730423620025674,0.3397129186602869,0.6918144242283771,0.1762940735183796,0.2410590720372933
248704061,0.4338896020539153,0.5354864433811802,0.8040715417004674,0.2193048262065516,0.0785563405929055
248704085,0.4152759948652118,0.4206539074960126,0.6618766176072932,0.1425356339084771,0.1248452181513584
248705055,0.5231065468549421,0.3114035087719297,0.6317456638467184,0.1317829457364341,0.2325005462888775
248709113,0.4005134788189988,0.4007177033492822,0.7659056669370726,0.2080520130032508,0.1747031830431932
248715073,0.3600770218228497,0.3066188197767145,0.7499903426430254,0.0767691922980745,0.2367615995338335
248715125,0.4030808729139923,0.5482456140350876,0.8288330049831961,0.1527881970492623,0.0421735013475125
248715146,0.4942233632862645,0.3524720893141945,0.7047939120021631,0.1822955738934734,0.2444096438196518
250201142,0.4441591784338894,0.2655502392344497,0.3153706493606829,0.0962740685171293,0.2389831743025712
250206020,0.2772785622593066,0.2376395534290271,0.7437710047514196,0.1550387596899224,0.3412484521815135
250207196,0.4152759948652118,0.2651515151515151,0.4020164561362845,0.1570392598149537,0.2762400757520576
250208125,0.3311938382541717,0.4066985645933013,0.8040329122725692,0.0577644411102775,0.2039114283633185
250214076,0.3774069319640563,0.3365231259968101,0.7169621817900876,0.0982745686421605,0.223504989438415
250214208,0.4306803594351733,0.202950558213716,0.3201220689921581,0.0690172543135784,0.2886590429018866
250215154,0.3754813863928112,0.2105263157894736,0.4462471510796924,0.1255313828457114,0.3477674994537111
250215155,0.503209242618742,0.4708931419457735,0.5340518406922393,0.094273568392098,0.0690144948648845
253401030,0.3992297817715018,0.3281499202551834,0.7047166531463669,0.172543135783946,0.2653142982008887
253401237,0.3048780487804876,0.1750398724082934,0.5988720207053733,0.0802700675168792,0.1162502731444387
254202032,0.2721437740693195,0.364035087719298,0.7584115579248271,0.1560390097524381,0.1714254497778425
254202033,0.2644415917843385,0.2974481658692185,0.8926874492988759,0.1647911977994498,0.2584310583436522
254204071,0.4319640564826699,0.4585326953748007,0.7163054815158187,0.1540385096274068,0.1156675650083764
254204186,0.2111681643132219,0.462121212121212,0.9927762969830416,0.126531632908227,0.0843105834365212
254205053,0.4390243902439024,0.325358851674641,0.7348862363348398,0.2060515128782195,0.2702673173574186
254205177,0.3510911424903722,0.3145933014354065,0.7241472553791478,0.3370842710677669,0.3173574186029572
254208029,0.474326059050064,0.4812599681020734,0.6864835631784293,0.2193048262065516,0.125355087770413
254208069,0.5314505776636711,0.3297448165869218,0.6171051106733109,0.1647911977994498,0.2767863646296161
254210065,0.0205391527599485,0.0314992025518341,0.6784486421756093,0.0482620655163791,0.575897734722121
254214038,0.4403080872913989,0.4374003189792662,0.7287827867269285,0.2930732683170793,0.1800932333017699
254214137,0.4813863928112964,0.3265550239234449,0.6631513887279329,0.2740685171292823,0.3156092941947702
254214145,0.3844672657252888,0.3086124401913875,0.780082666975702,0.0802700675168792,0.2050404253769393
254214233,0.4711168164313219,0.327352472089314,0.6894580291265886,0.3698424606151538,0.3549420933789787
254215036,0.2644415917843385,0.3149920255183412,0.913701858075482,0.1982995748937234,0.2755116905819798
254215071,0.4088575096277278,0.3229665071770334,0.7230270019701008,0.086021505376344,0.1985942166217496
254215083,0.2400513478818999,0.2643540669856458,0.7606906941708192,0.1072768192048012,0.2441547090101245
254215088,0.4326059050064184,0.3604465709728867,0.709004519643064,0.1342835708927232,0.237635661737927
254215098,0.477535301668806,0.3345295055821371,0.682157067253834,0.1197799449862465,0.2204093524655838
254215163,0.3741976893453143,0.5303030303030304,0.8546374628191756,0.1665416354088522,0.0658460193750455
254215189,0.2496790757381255,0.3125996810207335,0.9277629698304168,0.1610402600650162,0.2455022215747687
254215203,0.2689345314505775,0.2687400318979266,0.7119403561633252,0.1420355088772193,0.3089445698885571
254215219,0.3267008985879331,0.3496810207336521,0.7779966778692007,0.1592898224556139,0.2293684900575424
254215223,0.3536585365853657,0.3229665071770334,0.7984702746552323,0.1802950737684421,0.2734722121057615
254216018,0.5256739409499356,0.5474481658692184,0.6679028083594081,0.159039759939985,0.0478913249326243
254216029,0.3446726572528882,0.6176236044657096,0.923088809054738,0.1537884471117779,0.0281520868235122
254216086,0.4223363286264439,0.335725677830941,0.7632402364120987,0.2678169542385596,0.3137883312695754
254310061,0.5603337612323491,0.4840510366826155,0.7958434735581565,0.4251062765691423,0.1937868744992352
254310115,0.5898587933247752,0.4976076555023921,0.7894696179549581,0.4783695923980995,0.2180056814043266
256907054,0.2817715019255455,0.49481658692185,0.916637694595743,0.1820455113778444,0.0958190691237526
264513039,0.3427471116816432,0.0789473684210525,0.5571136091474485,0.0742685671417854,0.2118144074586641
268102185,0.4075738125802308,0.3987240829346091,0.6787963070266929,0.1440360090022505,0.2016898535945808
275610211,0.4518613607188704,0.5370813397129187,0.6927029010700351,0.1390347586896724,0.0561949158715128
275614232,0.3607188703465982,0.3568580542264752,0.8073164136439139,0.0770192548137034,0.2009614684245028
277306166,0.3112965340179716,0.3652312599681021,0.7558233862556495,0.1900475118779695,0.1928035545196299
277315083,0.2997432605905006,0.3444976076555023,0.643720786495152,0.1465366341585396,0.1620292810838371
277315167,0.2317073170731705,0.1846092503987241,0.7515741491868505,0.2015503875968992,0.3648845509505426
277315180,0.3940949935815148,0.5901116427432217,0.8228840730868775,0.153538384596149,0.0349989074222448
277316056,0.1540436456996148,0.2181020733652311,0.834820566307413,0.1750437609402351,0.3811275402432806
280806114,0.2997432605905006,0.1770334928229664,0.649785606675165,0.0225056264066016,0.2766771068541045
280806172,0.2785622593068035,0.4062998405103669,0.8570711167767605,0.1867966991747937,0.1831888702746012
280811156,0.2721437740693195,0.4074960127591706,0.7503766369220072,0.1192798199549887,0.1721174156894165
280812171,0.1585365853658533,0.3496810207336521,0.8917217136014215,0.1507876969242311,0.212215019302207
280813023,0.2875481386392811,0.3907496012759169,0.8002085989106501,0.1795448862215554,0.1861024109549129
280813128,0.3421052631578947,0.4114832535885168,0.6366129717618881,0.1145286321580395,0.1471702236142472
280815162,0.3087291399229781,0.4047049441786284,0.6902692471124502,0.1407851962990747,0.172299511981936
286911099,0.269576379974326,0.3042264752791068,0.8712094873874917,0.1170292573143285,0.2363245684317867
286911174,0.2708600770218226,0.432615629984051,0.9399698690462394,0.2025506376594148,0.1417073348386626
294512035,0.2984595635430036,0.3249601275917064,0.6094564839494726,0.1095273818454613,0.2176779080777915
314504052,0.4640564826700899,0.4342105263157895,0.847104724379032,0.4146036509127282,0.3105105980042246
314504206,0.4563543003851089,0.5466507177033492,0.7992428632131958,0.2303075768942235,0.0906839536747031
314509106,0.4878048780487805,0.3337320574162677,0.6976860972688994,0.3063265816454114,0.3275183917255444
314509217,0.4229781771501923,0.4370015948963318,0.5659983775640283,0.1107776944236059,0.1144293102192439
314511056,0.3896020539152758,0.4892344497607656,0.7708116042801405,0.1655413853463366,0.0986233520285526
314511098,0.4724005134788189,0.3018341307814992,0.6582454513848649,0.0505126281570392,0.1906548182679
314511126,0.4608472400513479,0.286682615629984,0.6366129717618881,0.1010252563140785,0.2661883604049821
314511169,0.498716302952503,0.5669856459330141,0.7740178467956889,0.2973243310827707,0.0928691091849369
314511213,0.501925545571245,0.3173843700159489,0.6399737319890292,0.078019504876219,0.1872678272270377
314512010,0.2143774069319639,0.2396331738437001,0.7861474871557151,0.1405351337834458,0.3493699468278826
314512029,0.4589216944801024,0.3385167464114831,0.6962181790087688,0.2313078269567391,0.2796999053099279
314512053,0.3780487804878047,0.5709728867623604,0.8955460269633406,0.1997999499874969,0.0398426688032631
314512075,0.282413350449294,0.3588516746411483,0.7378220728551009,0.1175293823455864,0.1618836040498215
314512129,0.1489088575096278,0.1678628389154703,0.6323251052651909,0.1020255063765941,0.4385971301624298
314512131,0.5224646983311936,0.6351674641148325,0.7125197975817977,0.1880470117529382,0.0196663995921042
314512134,0.3344030808729137,0.3002392344497607,0.7520763317495267,0.1742935733933483,0.2893510088134605
314512203,0.4396662387676509,0.4956140350877193,0.7056051299880248,0.1572893223305826,0.0786655983684172
314514097,0.2689345314505775,0.3285486443381179,0.8000154517711592,0.1332833208302075,0.2105397334110277
314514109,0.507060333761232,0.314194577352472,0.6045891760343028,0.180545136284071,0.23373880107801
314514112,0.4646983311938379,0.3492822966507176,0.7037509174489125,0.1555388847211803,0.2460485104523272
314514213,0.3472400513478817,0.3564593301435407,0.6965272144319542,0.1420355088772193,0.1812950688323985
314515027,0.256739409499358,0.2735247208931419,0.7003901572217714,0.172543135783946,0.3217641488819287
314515058,0.4281129653401794,0.50518341307815,0.8629427898172828,0.3563390847711928,0.1449850681040133
314515100,0.1887034659820279,0.1176236044657096,0.6475837292849692,0.1360340085021255,0.5245465802316265
314515112,0.2952503209242616,0.3979266347687399,0.795264032139684,0.142785696424106,0.1732464127030374
314515115,0.4589216944801024,0.3620414673046251,0.7058369065554139,0.0765191297824456,0.1944424211523053
314515132,0.3908857509627728,0.4437799043062201,0.8396492447946845,0.4111027756939234,0.2360332143637556
314515139,0.2304236200256739,0.3556618819776713,0.7898945416618379,0.1542885721430358,0.1769247578119309
314516128,0.5487804878048781,0.5474481658692184,0.7074979719550353,0.1700425106276569,0.0803408842595964
331102123,0.4736842105263155,0.3759968102073364,0.6869084868853091,0.0627656914228557,0.1971374462815937
331102190,0.3600770218228497,0.3604465709728867,0.7270444624715108,0.19679919979995,0.2106489911865394
331102210,0.4557124518613604,0.5817384370015949,0.8576891876231313,0.2523130782695674,0.0578702017626921
331103198,0.2207958921694479,0.3137958532695374,0.9493181905975971,0.1787946986746686,0.2643309782212834
331105072,0.2817715019255455,0.2834928229665071,0.8542125391122957,0.1072768192048012,0.2660791026294704
331114126,0.4679075738125799,0.383572567783094,0.781202920384749,0.2165541385346336,0.2192439361934591
335607156,0.2284980744544285,0.1866028708133971,0.5803298953142504,0.2515628907226807,0.4983975526258285
335610178,0.5462130937098841,0.4589314194577351,0.4628964345038049,0.1190297574393598,0.0972030009469007
337405062,0.5224646983311936,0.3580542264752789,0.6433344922161702,0.0812703175793948,0.1939689707917546
337501075,0.3209242618741976,0.3062200956937798,0.7497585660756364,0.2308077019254814,0.308289023235487
337501134,0.2021822849807444,0.3899521531100477,0.9875999536446864,0.2270567641910478,0.1981207662611989
337502056,0.3369704749679076,0.4374003189792662,0.8722138525128442,0.1397849462365591,0.124262510015296
337502231,0.2811296534017971,0.4122807017543858,0.8764630895816432,0.1862965741435359,0.1540534634714837
337503002,0.3812580231065468,0.3345295055821371,0.8073936724997103,0.1662915728932232,0.2423701653434336
337503033,0.3363286264441592,0.3413078149920254,0.8595434001622435,0.1837959489872468,0.2350498943841503
337503183,0.3087291399229781,0.4812599681020734,0.8231158496542665,0.1415353838459614,0.0868963507902979
337504048,0.4287548138639279,0.3086124401913875,0.7229883725422026,0.1980495123780945,0.3173574186029572
337504102,0.5320924261874196,0.5749601275917063,0.6815389964074632,0.1810452613153289,0.0735304829193677
337504107,0.3883183568677792,0.3624401913875598,0.8218410785336269,0.2745686421605401,0.2710321217860004
337504128,0.2528883183568675,0.3783891547049441,0.7561324216788349,0.1335333833458364,0.1797654599752349
337504148,0.3716302952503207,0.3452950558213716,0.7910534244987831,0.2055513878469617,0.2666982300240367
337504189,0.2978177150192551,0.3329346092503986,0.7953412909954803,0.1472868217054264,0.1953893218734067
337504193,0.4646983311938379,0.3305422647527909,0.6675937729362227,0.0662665666416604,0.2007429528734794
337504200,0.4749679075738124,0.3580542264752789,0.7008923397844478,0.126531632908227,0.2243062131255007
337504202,0.1399229781771502,0.2280701754385965,0.7978908332367597,0.2030507626906726,0.4018865175905018
337504229,0.4050064184852373,0.3257575757575756,0.6809981844168888,0.0825206301575393,0.2147643673974798
337504241,0.2573812580231065,0.024322169059011,0.3793796113879552,0.1485371342835709,0.7216111879962125
337505025,0.2798459563543001,0.2914673046251993,0.8463707652489666,0.1350337584396099,0.2624371767790808
337505135,0.048780487804878,0.1578947368421052,0.8826437980453509,0.2140535133783446,0.5762255080486561
337505208,0.2002567394094994,0.3094098883572567,0.9408969753157956,0.2060515128782195,0.2905892636025931
337506188,0.4351732991014119,0.230462519936204,0.661837988179395,0.1025256314078519,0.2198994828465293
337507145,0.4492939666238764,0.325358851674641,0.7242631436628423,0.1350337584396099,0.2246339864520358
337508023,0.2965340179717586,0.3883572567783092,0.8239656970680264,0.1630407601900475,0.1761235341248452
337508027,0.261232349165597,0.3173843700159489,0.8345115308842276,0.1240310077519379,0.2438633549420934
337508193,0.0558408215661101,0.1941786283891546,0.9209641905203384,0.1457864466116529,0.4316046325296817
337508203,0.1848523748395378,0.2807017543859648,0.8275196044346583,0.0815203800950237,0.2706679292009615
337508206,0.3889602053915273,0.5777511961722487,0.9142426700660564,0.2200550137534384,0.055065918857892
337508224,0.5044929396662385,0.337719298245614,0.6016533395140418,0.0800200050012503,0.2101755408259888
337508236,0.3966623876765083,0.5159489633173843,0.8079731139181828,0.1792948237059264,0.09672955058635
337509209,0.3838254172015403,0.3572567783094098,0.7830185034959631,0.1097774443610903,0.2123242770777187
337513035,0.4627727856225929,0.3528708133971291,0.732684358944644,0.1052763190797699,0.215383494792046
337513056,0.4326059050064184,0.3293460925039873,0.7434619693282342,0.2148037009252313,0.2780610386772525
337515195,0.3331193838254171,0.4134768740031896,0.650674083516823,0.1045261315328832,0.1488090902469225
337516006,0.3594351732991012,0.3955342902711324,0.8937690732800246,0.2538134533633409,0.2479058926360259
337516140,0.3010269576379971,0.1778309409888355,0.6711090508749564,0.1500375093773443,0.4214800786655983
338201166,0.4281129653401794,0.3365231259968101,0.6849770154904006,0.0890222555638909,0.2306067448466749
338207023,0.3344030808729137,0.4513556618819777,0.7477498358249314,0.1217804451112778,0.0920678854978512
338208200,0.2265725288831834,0.4174641148325356,0.936068296828524,0.1620405101275319,0.1324204239201689
338209134,0.3029525032092426,0.3066188197767145,0.821184378259358,0.1010252563140785,0.2270012382547891
338209244,0.3767650834403078,0.3484848484848485,0.7692277977363154,0.0832708177044261,0.2063879379415835
338212171,0.2297817715019254,0.3018341307814992,0.8930351141499594,0.070017504376094,0.2105397334110277
338213117,0.3299101412066751,0.4134768740031896,0.6821184378259357,0.1437859464866216,0.1689125209410736
338214216,0.514762516046213,0.6574960127591706,0.7468613589832734,0.1915478869717429,0.0247650957826498
338216223,0.1450577663671373,0.2635566188197766,0.8523969560010816,0.1250312578144536,0.3087988928545415
339803149,0.3568677792041077,0.4541467304625198,0.6773283887665623,0.1170292573143285,0.1035035326680748
339807127,0.4017971758664953,0.3931419457735247,0.6264148027967705,0.0985246311577894,0.1629397625464345
339810028,0.3697047496790757,0.4126794258373204,0.7073048248155445,0.1302825706426607,0.1332944861242625
339810119,0.524390243902439,0.4597288676236045,0.8288330049831961,0.4356089022255564,0.1831888702746012
339812081,0.4024390243902438,0.5741626794258373,0.8360953374280526,0.1457864466116529,0.0330322674630344
339814102,0.4749679075738124,0.4956140350877193,0.6351450535017575,0.1415353838459614,0.0809964309126666
339814123,0.4454428754813864,0.6148325358851673,0.7955730675628694,0.1457864466116529,0.0212688469662757
339815029,0.3863928112965338,0.3026315789473683,0.7316413643913933,0.0827706926731682,0.2188069050914123
340005235,0.487163029525032,0.3261562998405104,0.6191910997798122,0.0697674418604651,0.1916017189890013
340503098,0.3979460847240048,0.4158692185007974,0.7040985822999961,0.1417854463615904,0.2441182897516206
340510019,0.1071887034659817,0.2950558213716107,0.9321280951829104,0.1617904476119029,0.2509651103503533
340510034,0.3068035943517326,0.4796650717703349,0.8526673619963688,0.1650412603150787,0.090392599606672
340601126,0.4563543003851089,0.5622009569377989,0.7076138602387299,0.1515378844711177,0.0635516060893
341601096,0.4043645699614888,0.297846889952153,0.6600610344960791,0.2165541385346336,0.2475417000509869
341602034,0.238767650834403,0.2097288676236043,0.8140765635260941,0.1362840710177544,0.1579867433899045
341602046,0.2676508344030806,0.3995215311004784,0.8738749179124656,0.1675418854713679,0.1531065627503824
341602089,0.3202824133504491,0.4473684210526315,0.7971182446787962,0.1547886971742936,0.2578119309490858
341602096,0.3876765083440308,0.3233652312599681,0.7688415034573337,0.1597899474868717,0.275074659479933
341602125,0.2740693196405646,0.3979266347687399,0.8589253293158727,0.1560390097524381,0.1736470245465802
341602170,0.4685494223363284,0.5099681020733652,0.689535287982385,0.1742935733933483,0.089300021851555
341602206,0.3299101412066751,0.3245614035087719,0.8128017924054545,0.1462865716429107,0.2433534853230388
341609068,0.5494223363286261,0.4649122807017544,0.7900104299455325,0.3413353338334584,0.1746667637846893
341610037,0.2098844672657249,0.3193779904306218,0.9549194576428324,0.2340585146286571,0.3297399664942821
343810028,0.4133504492939663,0.5187400318979264,0.8289488932668907,0.2363090772693173,0.0904290188651759
361412150,0.3889602053915273,0.1431419457735246,0.6080658245451385,0.0252563140785196,0.1688761016825697
361412183,0.490372272143774,0.2970494417862839,0.6279213504847992,0.059264816204051,0.1818049384514531
368501183,0.3100128369704746,0.2523923444976076,0.762660794993626,0.1840460115028757,0.3805084128487144
374203199,0.1354300385109113,0.2663476874003189,0.8855796345656121,0.1467866966741685,0.2644402359967951
374204005,0.2843388960205391,0.3265550239234449,0.8821029860547764,0.1155288822205551,0.2161482992206278
374204089,0.4338896020539153,0.3373205741626794,0.7280874570247614,0.2143035758939735,0.2786437468133149
374210043,0.3292682926829267,0.1766347687400319,0.5570363502916521,0.1280320080020005,0.3518464564061476
379302072,0.1906290115532734,0.2667464114832536,0.8208367134082744,0.1262815703925981,0.2768227838881201
379303031,0.4370988446726569,0.3365231259968101,0.7462819175648008,0.2315578894723681,0.2802461941874863
379303058,0.4050064184852373,0.3397129186602869,0.743423339900336,0.1827956989247312,0.2592322820307378
379303229,0.4390243902439024,0.5195374800637959,0.822768184803183,0.2735683920980245,0.1067084274164178
379304050,0.4319640564826699,0.5231259968102072,0.7627380538494224,0.2078019504876219,0.113336732464127
379304187,0.3786906290115532,0.3544657097288675,0.7681848031830648,0.0582645661415353,0.1881418894311311
379306105,0.4653401797175864,0.2970494417862839,0.65581179742728,0.123780945236309,0.2729259232282031
379306111,0.4460847240051349,0.5283094098883571,0.7341136477768764,0.1795448862215554,0.0782285672663704
379308205,0.4666238767650834,0.5793460925039872,0.7395217676826206,0.1370342585646411,0.0307742734357928
379309086,0.4178433889602053,0.5789473684210525,0.7491404952292656,0.1275318829707427,0.0534998907422244
379310016,0.4499358151476249,0.3560606060606059,0.7429984161934562,0.2223055763940986,0.2473231844999635
379310078,0.1771501925545568,0.3094098883572567,0.8787035963997373,0.2298074518629657,0.3074149610313934
379310106,0.5468549422336326,0.6295853269537478,0.6805732607100088,0.1542885721430358,0.0144220263675431
379311126,0.4531450577663669,0.5733652312599681,0.7196276123150616,0.148037009252313,0.0358365503678344
379311127,0.0532734274711166,0.2057416267942583,0.9172171360142156,0.1467866966741685,0.3399009396168694
379311156,0.27599486521181,0.3098086124401912,0.632788658399969,0.1207801950487622,0.1876684390705804
379311165,0.3780487804878047,0.4246411483253588,0.9419785992969444,0.3945986496624156,0.2382547891324933
379311166,0.4184852374839538,0.327352472089314,0.7421485687796963,0.2975743935983996,0.3352392745283706
379312010,0.5795892169448007,0.4569377990430622,0.7566346042415111,0.4888722180545137,0.2485250200305922
379312192,0.4473684210526314,0.3209728867623603,0.6464634758759222,0.09152288072018,0.2116323111661447
379314198,0.4210526315789473,0.5917065390749602,0.674585699385792,0.1277819454863716,0.0132201908369145
379315065,0.4223363286264439,0.5669856459330141,0.8419670104685749,0.180545136284071,0.048364775293175
379315076,0.50385109114249,0.4685007974481657,0.6845907212114188,0.2690672668167042,0.146186903634642
379315088,0.2811296534017971,0.286682615629984,0.742303086491289,0.0992748187046762,0.2424794231189453
379315227,0.4422336328626444,0.3596491228070174,0.7583729284969289,0.1690422605651413,0.2338116395950178
379315244,0.3151476251604621,0.3484848484848485,0.9058214547842546,0.2538134533633409,0.2687377085002549
379316089,0.3889602053915273,0.3229665071770334,0.768455209178352,0.1055263815953988,0.2188069050914123
379316185,0.4602053915275994,0.5737639553429027,0.8102908795920732,0.2078019504876219,0.0693058489329157
379316239,0.1867779204107829,0.2041467304625199,0.7783829721481824,0.1730432608152038,0.3777405492024183
379316245,0.3536585365853657,0.354066985645933,0.6902692471124502,0.1075268817204301,0.1662539150702891
379816013,0.282413350449294,0.3979266347687399,0.8368292965581179,0.1775443860965241,0.1605725107436812
379816163,0.487163029525032,0.3712121212121212,0.712133503302816,0.1585396349087272,0.2142544977784252
379816218,0.4345314505776634,0.3285486443381179,0.7641287132537566,0.2243060765191297,0.2805739675140214
386402036,0.3048780487804876,0.3987240829346091,0.7694595743037045,0.1612903225806451,0.1568213271177798
386405158,0.3388960205391527,0.3528708133971291,0.6995016803801135,0.2748187046761691,0.2917546798747178
386405225,0.4473684210526314,0.4318181818181817,0.6439911924904391,0.1285321330332583,0.1086022288586204
386410041,0.268292682926829,0.2420255183413077,0.6441457102020318,0.2450612653163291,0.4242843615703984
386410241,0.3170731707317071,0.3855661881977671,0.6277282033453084,0.1160290072518129,0.139121567484886
386414035,0.4736842105263155,0.5334928229665071,0.6545370263066403,0.1360340085021255,0.0884259596474615
387507056,0.492297817715019,0.3524720893141945,0.6792984895893691,0.0682670667666916,0.203037366159225
387604121,0.2098844672657249,0.3899521531100477,0.9162514003167612,0.1667916979244811,0.1695316483356399
387605007,0.269576379974326,0.2539872408293461,0.609997295940047,0.0622655663915979,0.2070070653361497
387605127,0.2284980744544285,0.3823763955342903,0.8213388959709507,0.1407851962990747,0.1509942457571564
387706107,0.4351732991014119,0.5937001594896331,0.7711206397033259,0.1677919479869967,0.0372933207079903
387706220,0.4043645699614888,0.3728070175438597,0.7287441572990303,0.1610402600650162,0.1903998834583728
387706233,0.3709884467265723,0.3197767145135566,0.7674122146251013,0.2073018254563641,0.3108747905892636
387707138,0.3915275994865212,0.4126794258373204,0.6938617839069803,0.1560390097524381,0.1268118581105688
387708136,0.2400513478818999,0.2982456140350876,0.8141538223818905,0.2885721430357589,0.3591303081069269
391806058,0.2657252888318355,0.3696172248803827,0.7392513616873333,0.1097774443610903,0.1378104741787457
391806115,0.4454428754813864,0.3448963317384369,0.7314095878240042,0.0757689422355589,0.2075897734722121
391806139,0.2772785622593066,0.5570175438596491,0.9386178390698032,0.1447861965491373,0.0369655473814553
391807024,0.4929396662387675,0.3393141945773524,0.6948661490323328,0.0670167541885471,0.1879233738801078
391808049,0.3016688061617456,0.3728070175438597,0.70317147603044,0.1125281320330082,0.162757666253915
391808130,0.3491655969191272,0.2890749601275917,0.8158921466373082,0.1027756939234808,0.2253259523636099
391811057,0.4756097560975609,0.4254385964912278,0.678371383319813,0.2065516379094774,0.1633403743899774
391812141,0.2830551989730421,0.270334928229665,0.7339205006373855,0.2113028257064266,0.2903343287930657
391813058,0.261232349165597,0.3381180223285486,0.8966662803723876,0.1107776944236059,0.2239420205404617
391815004,0.3761232349165597,0.5015948963317384,0.7847954571792791,0.164291072768192,0.1044504333891762
391816108,0.4768934531450575,0.3341307814992026,0.6758218410785336,0.234558639659915,0.2986015004734503
391816134,0.4037227214377403,0.5582137161084529,0.7981998686599451,0.1360340085021255,0.0391507028916891
392109081,0.3607188703465982,0.4976076555023921,0.8014447406033917,0.1785446361590398,0.1120620584164906
393205220,0.2182284980744544,0.3987240829346091,0.97230270019701,0.2468117029257314,0.2088280282613446
398008192,0.490372272143774,0.4601275917065389,0.6621856530304786,0.3085771442860716,0.1830796124990895
399201055,0.3825417201540433,0.4688995215311003,0.7789237841387568,0.1575393848462115,0.0940345254570616
399202190,0.2708600770218226,0.3281499202551834,0.9182601305674662,0.1775443860965241,0.2526039769830286
399203205,0.1367137355584082,0.2878787878787878,0.8983273457720091,0.2678169542385596,0.3663049020321947
399203216,0.277920410783055,0.2157097288676235,0.6459612933132459,0.1110277569392348,0.3212906985213781
399204009,0.0198973042362,0.2033492822966506,0.957971182446788,0.202050512628157,0.4599388156457134
399204130,0.4749679075738124,0.3433014354066984,0.6823888438212229,0.0927731932983245,0.21112244154709
399208020,0.3555840821566107,0.1750398724082934,0.4775756171051106,0.0882720680170042,0.3114939179838298
399208165,0.4929396662387675,0.5857256778309409,0.7750608413489396,0.1880470117529382,0.037038385898463
399209059,0.5333761232349166,0.4354066985645933,0.6928187893537296,0.2980745186296574,0.250345982955787
399209120,0.4820282413350449,0.3385167464114831,0.7031328466025417,0.2105526381595399,0.2572656420715274
399210034,0.3363286264441592,0.3963317384370014,0.755707497971955,0.1700425106276569,0.1741568941656348
399210043,0.2355584082156609,0.3979266347687399,0.8259357978908332,0.1510377594398599,0.1446937140359822
399210087,0.5057766367137355,0.3492822966507176,0.6679800672152045,0.1705426356589147,0.2665161337315173
399210184,0.24390243902439,0.3305422647527909,0.9524858036852474,0.1370342585646411,0.23373880107801
399211081,0.2965340179717586,0.309011164274322,0.8414261984780005,0.2258064516129032,0.3085439580450142
399211142,0.3620025673940947,0.3401116427432216,0.742959786765558,0.0770192548137034,0.1978294121931677
399211157,0.2740693196405646,0.498006379585327,0.9800672152045428,0.1770442610652663,0.0881346055794304
399211210,0.3074454428754811,0.3145933014354065,0.8226136670915903,0.3430857714428607,0.3063952217932844
399212247,0.268292682926829,0.4238437001594896,0.8011357051802063,0.1437859464866216,0.1273581469881272
399213010,0.3966623876765083,0.4118819776714514,0.6980337621199829,0.258814703675919,0.2164032340301551
399215064,0.24390243902439,0.380382775119617,0.8855023757098157,0.1270317579394848,0.2546798747177508
399215145,0.3921694480102693,0.5976874003189793,0.7426507513423726,0.1052763190797699,0.0065918857892053
399216070,0.3356867779204107,0.316188197767145,0.7757561710511067,0.1330332583145786,0.2511472066428727
399216102,0.3530166880616172,0.3421052631578948,0.790589871364005,0.0637659414853713,0.1896714982882949
399216113,0.2291399229781769,0.1834130781499202,0.7652489666628037,0.3488372093023256,0.5875154781848642
399216230,0.2227214377406929,0.284688995215311,0.8543670568238884,0.1640410102525631,0.3012965256027388
400301037,0.4865211810012835,0.6475279106858055,0.7826322092169814,0.1937984496124031,0.0231262291499745
400301067,0.2625160462130935,0.2496012759170652,0.801097075752308,0.2125531382845711,0.3529390341612645
400302021,0.4133504492939663,0.3397129186602869,0.7600339938965504,0.0910227556889222,0.2008157913904873
400302055,0.4942233632862645,0.3628389154704942,0.637926372310426,0.1417854463615904,0.2608347294049093
400302143,0.2041078305519894,0.226475279106858,0.6993471626685208,0.2160540135033758,0.4220992060601646
400302195,0.282413350449294,0.3050239234449761,0.8914899370340325,0.1492873218304576,0.2427343579284725
400302241,0.1630295250320923,0.2551834130781499,0.8498474137598022,0.1090272568142035,0.2868016607181878
400304139,0.4075738125802308,0.3237639553429026,0.7529261791632865,0.0547636909227306,0.1806395221793284
400305078,0.3575096277278562,0.3680223285486442,0.6167960752501255,0.1365341335333833,0.1696044868526477
400310220,0.245186136071887,0.4126794258373204,0.9037740951056514,0.1492873218304576,0.139485760069925
400316151,0.2933247753530166,0.4908293460925038,0.890253795341291,0.1567891972993249,0.0905018573821836
400514148,0.4512195121951219,0.3732057416267943,0.6694093560474369,0.1045261315328832,0.2332653507174593
401203026,0.4563543003851089,0.2918660287081338,0.6400123614169273,0.3780945236309078,0.4292737999854322
401203229,0.3491655969191272,0.3261562998405104,0.7499517132151272,0.2423105776444111,0.2910991332216476
401212241,0.2946084724005136,0.3249601275917064,0.7101247730521111,0.2858214553638409,0.3492606890523709
406401213,0.234274711168164,0.2990430622009569,0.9093367327229884,0.159039759939985,0.2575934153980624
406403146,0.3761232349165597,0.348883572567783,0.6812299609842778,0.1442860715178794,0.1943331633767936
406404028,0.4409499358151474,0.5610047846889953,0.8288716344110943,0.2493123280820205,0.0574331706606453
406404097,0.3780487804878047,0.3349282296650717,0.7995518986363811,0.1910477619404851,0.2680457425886808
406406045,0.2195121951219509,0.4023125996810207,0.8799397380924788,0.1172793198299574,0.1384660208318159
406406068,0.3356867779204107,0.3604465709728867,0.6628037238768494,0.1005251312828207,0.1473887391652706
406406116,0.3896020539152758,0.4405901116427432,0.7910920539266812,0.1892973243310827,0.1336586787093014
406406186,0.5770218228498072,0.5203349282296649,0.772240893112373,0.4628657164291073,0.1659625610022579
406407042,0.4589216944801024,0.3492822966507176,0.7054119828485339,0.0482620655163791,0.1855197028188506
406407163,0.2227214377406929,0.2364433811802232,0.6625333178815621,0.1025256314078519,0.2805739675140214
406408007,0.4948652118100125,0.3807814992025519,0.6997334569475026,0.1155288822205551,0.2206278680166072
406408076,0.3337612323491656,0.3133971291866029,0.7697686097268899,0.0762690672668167,0.1953529026149027
406414133,0.4910141206675225,0.3891547049441787,0.6804187429984161,0.2143035758939735,0.2856362444460631
406914157,0.2015404364569959,0.3983253588516747,0.9309692123459652,0.1807951987996999,0.1655619491587151
410808230,0.2008985879332474,0.2719298245614034,0.8365202611349325,0.1622905726431607,0.304355743317066
410808239,0.2734274711168165,0.3859649122807017,0.8213388959709507,0.1527881970492623,0.1717168038458737
410809205,0.3164313222079586,0.3584529505582137,0.808011743346081,0.1977994498624656,0.1896714982882949
410813102,0.1014120667522462,0.1212121212121211,0.782748097500676,0.1090272568142035,0.511326389394712
410813104,0.5686777920410782,0.5043859649122807,0.8083207787692663,0.5061265316329082,0.1965911574040353
410813169,0.3369704749679076,0.3389154704944178,0.7826322092169814,0.3223305826456614,0.2945225435210139
410814238,0.3267008985879331,0.5689792663476875,0.9228184030594506,0.1557889472368092,0.0311020467623278
414408127,0.4082156611039793,0.5223285486443382,0.742534863058678,0.1847961990497624,0.0771724087697574
414415099,0.496790757381258,0.4222488038277511,0.3504461698922238,0.0980245061265316,0.0947264913686357
414601004,0.266367137355584,0.159090909090909,0.6983041681152702,0.0992748187046762,0.4743972612717605
414601023,0.5077021822849805,0.3225677830940987,0.615791710124773,0.0765191297824456,0.2021268846966275
414601028,0.3973042362002568,0.3317384370015948,0.7863406342952061,0.1872968242060515,0.2539879088061767
414601060,0.3132220795892166,0.4286283891547048,0.7589523699154015,0.1782945736434108,0.1527423701653434
414601185,0.2092426187419769,0.1188197767145134,0.6168733341059218,0.2265566391597899,0.6780173355670479
414601196,0.5166880616174581,0.6008771929824562,0.7018194460540039,0.1635408852213053,0.0592541335858401
414601236,0.256739409499358,0.2878787878787878,0.8265538687372039,0.1242810702675669,0.2688833855342705
414602031,0.2644415917843385,0.2240829346092503,0.7251516205045003,0.1470367591897974,0.32485978585476
414602078,0.3055198973042361,0.3022328548644337,0.7497971955035345,0.1687921980495124,0.2562094835749144
414603004,0.3677792041078302,0.4166666666666666,0.7901649476571252,0.2143035758939735,0.1583145167164396
414603010,0.3491655969191272,0.3078149920255182,0.732259435237764,0.2508127031757939,0.2928472576298346
414603016,0.4332477535301668,0.5705741626794257,0.7424189747749835,0.1252813203300825,0.0474542938305775
414603110,0.0590500641848521,0.1232057416267942,0.8439757407192799,0.2443110777694424,0.6888338553427052
414603111,0.4640564826700899,0.3656299840510365,0.6877197048711708,0.0632658164541135,0.1902906256828611
414603185,0.3754813863928112,0.3389154704944178,0.784756827751381,0.2473118279569892,0.3070871877048583
414603211,0.3703465982028242,0.4836523125996811,0.8154285935025302,0.2213053263315829,0.1153397916818413
414603217,0.3132220795892166,0.4282296650717702,0.8213002665430524,0.1375343835958989,0.122878578192148
414604063,0.2015404364569959,0.3225677830940987,0.8960095800981187,0.1627906976744186,0.2586495738946754
414604077,0.5134788189987161,0.6108452950558213,0.7275852744620852,0.1610402600650162,0.0202126884696627
414605139,0.0481386392811296,0.1491228070175437,0.8576119287673349,0.3105776444111028,0.6209847767499453
414605209,0.3395378690629012,0.383572567783094,0.7592614053385869,0.1817954488622155,0.1940053900502586
414605229,0.2849807445442875,0.3389154704944178,0.8106385444431567,0.0710177544386096,0.2101755408259888
414606099,0.4756097560975609,0.6048644338118022,0.7645150075327384,0.1825456364091023,0.0803044650010925
414607018,0.2458279845956354,0.3492822966507176,0.7080387839456097,0.12128032008002,0.1799839755262583
414607024,0.1970474967907574,0.3018341307814992,0.9498590025881716,0.1690422605651413,0.2728530847111953
414608025,0.3722721437740692,0.3313397129186602,0.6757832116506354,0.1087771942985746,0.2019447884041081
414608180,0.4146341463414633,0.3385167464114831,0.7253447676439911,0.1745436359089772,0.2528953310510597
414611237,0.3761232349165597,0.3859649122807017,0.6244060725460655,0.1532883220805201,0.1491732828319615
414614012,0.4711168164313219,0.376395534290271,0.6828137675281029,0.1097774443610903,0.2288950396969918
414614053,0.6232349165596918,0.4880382775119615,0.5466836636149418,0.3190797699424856,0.1432369436958263
414614064,0.2811296534017971,0.3596491228070174,0.8313439177965773,0.1685421355338834,0.1954257411319105
414614155,0.2676508344030806,0.4469696969696969,0.8872020705373354,0.1672918229557389,0.1435647170223614
414614219,0.3831835686777918,0.4700956937799042,0.7499517132151272,0.1745436359089772,0.1289241751037948
414614234,0.2464698331193835,0.3425039872408293,0.9277243404025186,0.0635158789697424,0.2038750091048146
414614240,0.3491655969191272,0.4772727272727272,0.756595974813613,0.1657914478619654,0.1932770048801806
414614247,0.4569961489088574,0.5709728867623604,0.7609611001661065,0.1645411352838209,0.0507320270959283
414615034,0.2220795892169444,0.3325358851674641,0.9763587901263182,0.204801200300075,0.267972904071673
414615081,0.269576379974326,0.2675438596491227,0.7448139993046703,0.056514128532133,0.2563187413504262
414615087,0.4152759948652118,0.3297448165869218,0.7304824815544482,0.1550387596899224,0.247177507465948
414615175,0.5949935815147622,0.4569377990430622,0.7020125931934947,0.5213803450862717,0.3011508485687232
414615226,0.1598202824133503,0.2488038277511961,0.7432688221887433,0.0972743185796449,0.2892417510379489
414615245,0.3671373555840822,0.3413078149920254,0.7784216015760806,0.1472868217054264,0.2517663340374391
414616152,0.2317073170731705,0.4043062200956936,0.9221230733572836,0.1947986996749187,0.1853011872678272
414616238,0.3658536585365852,0.4362041467304623,0.7936415961679607,0.1517879469867467,0.1183990093961686
415501094,0.4659820282413349,0.4641148325358849,0.6857882334762622,0.1520380095023756,0.1044140141306722
415502197,0.3998716302952503,0.462121212121212,0.626530691080465,0.1330332583145786,0.0812877849806977
415503159,0.2522464698331195,0.4055023923444975,0.8204890485571908,0.1515378844711177,0.1755772452472867
415511013,0.3478818998716302,0.4677033492822967,0.749217754085062,0.3238309577394349,0.3746813314880909
415511156,0.4197689345314503,0.3046251993620413,0.7298644107080774,0.2228057014253563,0.2682642581397043
415514087,0.3754813863928112,0.2499999999999999,0.6983814269710665,0.1002750687671918,0.3226017918275183
415514121,0.5224646983311936,0.3931419457735247,0.6997334569475026,0.3388347086771693,0.2700852210648991
415515130,0.3748395378690627,0.4904306220095694,0.8245065090586008,0.1785446361590398,0.0994609949741423
415516160,0.4974326059050065,0.5653907496012759,0.7416463862170201,0.1830457614403601,0.050477092286401
41603159,0.4370988446726569,0.6128389154704944,0.5812570015838066,0.1222805701425356,0.0788841139194405
41614020,0.3247753530166881,0.4796650717703349,0.7404875033800749,0.1165291322830707,0.0648262801369363
416801105,0.2625160462130935,0.2647527910685804,0.8080890022018773,0.2663165791447862,0.3220919222084638
416901241,0.2869062901155326,0.39274322169059,0.6935527484837949,0.1127781945486371,0.137701216403234
416906167,0.2708600770218226,0.3309409888357256,0.9201916019623748,0.2035508877219304,0.2557360332143638
419104083,0.3915275994865212,0.282695374800638,0.7105496967589909,0.0882720680170042,0.2087916090028407
420211012,0.4897304236200255,0.3389154704944178,0.6873720400200872,0.2610652663165791,0.2993298856435283
420211068,0.5385109114249036,0.5829346092503985,0.7280488275968633,0.2608152038009502,0.0725107436812586
420803198,0.2432605905006415,0.4027113237639551,0.8166261057673735,0.1550387596899224,0.1360987690290625
420808144,0.492297817715019,0.5426634768740032,0.6646965658438597,0.1495373843460865,0.078374244300386
420902008,0.4698331193838254,0.4425837320574163,0.8306485880944102,0.3363340835208803,0.2134532740913395
420902085,0.3709884467265723,0.4872408293460925,0.7187391354734036,0.2130532633158289,0.145094325879525
420902233,0.4717586649550704,0.5649920255183413,0.7424962336307799,0.1457864466116529,0.0549930803408842
420902245,0.2368421052631579,0.2543859649122806,0.8551010159539537,0.2450612653163291,0.4417656056522689
420902249,0.4614890885750959,0.3568580542264752,0.7197048711708579,0.1365341335333833,0.2249617597785709
420903165,0.3138639281129651,0.3125996810207335,0.814926410939854,0.1055263815953988,0.2288950396969918
420903166,0.4223363286264439,0.4968102073365231,0.6144783095762352,0.1367841960490122,0.0946536528516279
420903170,0.279204107830552,0.4047049441786284,0.8765789778653378,0.2173043260815204,0.196663995921043
420903248,0.3908857509627728,0.5382775119617226,0.820527677985089,0.1687921980495124,0.0729477747833053
420904020,0.1489088575096278,0.1303827751196171,0.6869084868853091,0.2168042010502626,0.6639959210430476
420904025,0.3395378690629012,0.3361244019138756,0.729787151852281,0.2123030757689422,0.2445189015951635
420904049,0.3902439024390243,0.5881180223285486,0.9216208907946072,0.1887971992998249,0.0367834510889358
420904128,0.0776636713735556,0.0944976076555023,0.7331092826515239,0.1337834458614654,0.567084274164178
420904189,0.2708600770218226,0.327352472089314,0.8086298141924517,0.1757939484871217,0.2788258431058343
420904207,0.3112965340179716,0.5215311004784687,0.77695368331595,0.0997749437359339,0.0526986670551387
420905198,0.3247753530166881,0.3612440191387559,0.723529184532777,0.2078019504876219,0.2257994027241605
420906024,0.5044929396662385,0.3369218500797447,0.6568547919805308,0.2348087021755439,0.279299293466385
420906039,0.3799743260590498,0.3225677830940987,0.7046780237184687,0.1327831957989497,0.2585038968606599
420906085,0.3934531450577663,0.3696172248803827,0.72600146791826,0.1807951987996999,0.2183698739893655
420906087,0.2355584082156609,0.3580542264752789,0.8579209641905203,0.1592898224556139,0.2062786801660718
420906138,0.4082156611039793,0.4940191387559808,0.7004287866496697,0.1762940735183796,0.1105324495593269
420906157,0.3908857509627728,0.3612440191387559,0.6689458029126588,0.1950487621905476,0.2456843178672882
420906168,0.3857509627727853,0.5430622009569378,0.8702823811179357,0.1755438859714929,0.0636972831233156
420906197,0.4557124518613604,0.6108452950558213,0.8664966971839146,0.1960490122530632,0.0361643236943695
420906220,0.3722721437740692,0.3871610845295056,0.7715455634102059,0.2755688922230558,0.1763784689343725
420906228,0.3068035943517326,0.4397926634768739,0.7056051299880248,0.1402850712678169,0.1306722995119819
420906232,0.4409499358151474,0.3421052631578948,0.7395603971105187,0.1477869467366842,0.2263092723432151
420907024,0.4370988446726569,0.3006379585326953,0.7167304052226986,0.2098024506126531,0.280027678636463
420907179,0.2939666238767651,0.3903508771929825,0.7585660756364198,0.1152788197049262,0.1428727511107873
420907247,0.279204107830552,0.3656299840510365,0.7620040947193572,0.1637909477369342,0.204093524655838
420908005,0.4460847240051349,0.5554226475279106,0.747440800401746,0.1425356339084771,0.0392599606672008
420908072,0.3510911424903722,0.4992025518341306,0.8542511685401939,0.2513128282070518,0.1515405346347148
420908076,0.1283697047496788,0.0849282296650716,0.6544983968787421,0.2678169542385596,0.8091630854395805
420908126,0.4293966623876764,0.3054226475279107,0.7223316722679337,0.2053013253313328,0.320962925194843
420908167,0.4204107830551988,0.314194577352472,0.6937072661953876,0.0385096274068517,0.1645057906621021
420908205,0.4717586649550704,0.5442583732057414,0.5743809634179318,0.1417854463615904,0.0668657586131546
420909026,0.4396662387676509,0.4760765550239233,0.7014331517750222,0.1820455113778444,0.1310364920970208
420909209,0.4197689345314503,0.5618022328548643,0.7723567813960674,0.1887971992998249,0.0630053172117415
420910166,0.6033376123234917,0.3058213716108452,0.5390350368911037,0.059264816204051,0.1843542865467259
420910241,0.3042362002567391,0.337719298245614,0.8851547108587321,0.1637909477369342,0.2468497341394128
420914010,0.3510911424903722,0.4238437001594896,0.7781125661528953,0.1787946986746686,0.1425085585257484
420915070,0.3157894736842106,0.3588516746411483,0.9024220651292154,0.1845461365341336,0.2523126229149974
420915100,0.2946084724005136,0.268341307814992,0.5557615791710124,0.0912728182045511,0.2456843178672882
420916021,0.4043645699614888,0.2970494417862839,0.4620465870900451,0.1002750687671918,0.1928399737781339
420916137,0.4293966623876764,0.2755183413078149,0.6679800672152045,0.0897724431107777,0.2316629033432879
421208004,0.5564826700898586,0.5083732057416267,0.8284080812763163,0.5288822205551389,0.1819141962269648
421213066,0.4146341463414633,0.5881180223285486,0.8355158960095801,0.1182795698924731,0.0332507830140578
421213178,0.3767650834403078,0.3401116427432216,0.8209139722640707,0.2243060765191297,0.2788986816228421
423003086,0.4390243902439024,0.429425837320574,0.7578707459342526,0.2700675168792198,0.1724087697574477
423003150,0.2991014120667521,0.3217703349282296,0.770232162861668,0.2033008252063016,0.2794085512418967
423003248,0.3189987163029522,0.2954545454545455,0.6407463205469927,0.1487871967991998,0.1823512273290115
423004155,0.4653401797175864,0.3349282296650717,0.7060300536949047,0.1397849462365591,0.2314808070507684
423005048,0.251604621309371,0.3979266347687399,0.8809827326457295,0.2040510127531883,0.1833345473086167
423005176,0.3472400513478817,0.3237639553429026,0.6921234596515625,0.1462865716429107,0.2283851700779372
423005217,0.4370988446726569,0.3855661881977671,0.7781898250086916,0.2380595148787197,0.2613081797654599
423009176,0.3376123234916557,0.4525518341307813,0.9330165720245682,0.3158289572393098,0.1606817685191929
423009205,0.3831835686777918,0.3712121212121212,0.8510835554525437,0.3200800200050012,0.2633112389831743
423010002,0.1020539152759947,0.288676236044657,0.94862286089543,0.1855463865966491,0.2837788622623644
423010209,0.4345314505776634,0.3572567783094098,0.7771468304554409,0.3375843960990248,0.3239128851336587
423010216,0.3433889602053912,0.3369218500797447,0.8325414300614208,0.1785446361590398,0.2595964746157768
423012089,0.2304236200256739,0.3165869218500797,0.9496658554486808,0.1052763190797699,0.2094107363974069
423015081,0.3818998716302952,0.3496810207336521,0.8243519913470081,0.1955488872218054,0.2493626629761818
423015228,0.3979460847240048,0.5996810207336524,0.7120176150191215,0.1235308827206801,0.0201762692111588
426016202,0.256739409499358,0.3720095693779902,0.743191563332947,0.0882720680170042,0.1600626411246267
426016219,0.1168164313222077,0.1543062200956937,0.8188279831575693,0.1042760690172543,0.4780027678636463
426901141,0.2843388960205391,0.4956140350877193,0.9046625719473094,0.1747936984246061,0.093561075096511
427007004,0.3825417201540433,0.5769537480063797,0.9009541468690848,0.2053013253313328,0.0515696700415179
427901118,0.2137355584082154,0.2862838915470493,0.7053347239927377,0.1097774443610903,0.2429528734794959
427901132,0.4120667522464698,0.3058213716108452,0.7017035577703093,0.1740435108777194,0.2774054920241824
427901230,0.2785622593068035,0.3221690590111642,0.896975315795573,0.2943235808952238,0.3272270376575132
427901246,0.247111681643132,0.3157894736842104,0.8557577162282226,0.1235308827206801,0.2444460630781557
427902133,0.4448010269576379,0.2934609250398723,0.6874879283037818,0.2128032008002001,0.2712870565955277
427902156,0.4146341463414633,0.3026315789473683,0.7024375169003747,0.0875218804701175,0.2394566246631218
427902163,0.3870346598202823,0.4338118022328548,0.6933596013443041,0.1760440110027507,0.1360987690290625
427902184,0.3279845956354297,0.3815789473684209,0.9356047436937458,0.2955738934733684,0.2777332653507175
427902231,0.4428754813863929,0.3716108452950558,0.7854907868814462,0.1800450112528132,0.2227766042683371
427903089,0.3831835686777918,0.3285486443381179,0.8097886970293969,0.1660415103775944,0.278570908296307
427903177,0.3311938382541717,0.3600478468899521,0.8547533511028701,0.304576144036009,0.2456843178672882
427903194,0.2560975609756095,0.2472089314194577,0.7375516668598138,0.1112778194548637,0.2971447301332944
427905008,0.3928112965340178,0.4517543859649123,0.7657125197975817,0.1717929482370592,0.1330031320562313
427907103,0.4460847240051349,0.4409888357256778,0.7346158303395527,0.283070767691923,0.1794376866486998
427908052,0.2657252888318355,0.39274322169059,0.8629427898172828,0.1520380095023756,0.1773982081724816
427908126,0.3632862644415917,0.3197767145135566,0.7315641055355969,0.1155288822205551,0.2187340665744046
427910019,0.3183568677792041,0.3819776714513555,0.7945300730096186,0.2038009502375594,0.196336222594508
427910238,0.3337612323491656,0.3636363636363636,0.7832502800633522,0.2273068267066766,0.2190982591594435
427912075,0.4704749679075735,0.5933014354066984,0.8278286398578436,0.2795698924731183,0.0722193896132274
427915048,0.2766367137355581,0.3237639553429026,0.9099548035693592,0.1087771942985746,0.2198266443295214
428103076,0.4293966623876764,0.6363636363636364,0.8217251902499324,0.1852963240810202,0.0126010634423482
431803153,0.3530166880616172,0.3556618819776713,0.7307528875497353,0.1577894473618404,0.2060965838735523
432103010,0.6020539152759947,0.2165071770334926,0.5164754509985707,0.2005501375343836,0.3133513001675286
432603240,0.3401797175866492,0.3221690590111642,0.6491289064008962,0.0910227556889222,0.2394202054046179
432608030,0.3151476251604621,0.2962519936204146,0.6094951133773708,0.1042760690172543,0.2043120402068614
432614045,0.3934531450577663,0.3600478468899521,0.6501719009541468,0.1145286321580395,0.2011799839755262
432615096,0.4467265725288829,0.4601275917065389,0.5975972495847336,0.1952988247061765,0.1633403743899774
432701113,0.4017971758664953,0.3440988835725678,0.7734384053772163,0.1215303825956489,0.2178964236288149
432701155,0.3940949935815148,0.4218500797448165,0.7157260400973461,0.1637909477369342,0.1737562823220919
432703026,0.4332477535301668,0.3620414673046251,0.7479816123923204,0.2358089522380595,0.2579211887245975
432703032,0.2670089858793325,0.474481658692185,0.8997566346042415,0.1555388847211803,0.1143200524437322
432703125,0.3408215661103977,0.5486443381180223,0.8418511221848803,0.1505376344086021,0.0633695097967805
432703139,0.479460847240051,0.6104465709728867,0.7513423726194615,0.1995498874718679,0.0466530701434918
432703214,0.1572528883183568,0.1842105263157893,0.7944141847259242,0.253313328332083,0.6019375045524074
432703223,0.4075738125802308,0.5087719298245613,0.7187391354734036,0.1335333833458364,0.0891179255590356
432704093,0.3440308087291397,0.527511961722488,0.9425966701433152,0.1975493873468367,0.0602738728239493
432704094,0.2933247753530166,0.3026315789473683,0.7442731873140959,0.1802950737684421,0.2648772670988418
432704105,0.3209242618741976,0.3556618819776713,0.8742225827635492,0.1140285071267817,0.2155291718260616
432704232,0.1578947368421053,0.3133971291866029,0.9005678525901031,0.1287821955488872,0.2456843178672882
432705159,0.3953786906290113,0.5147527910685804,0.6644647892764708,0.113028257064266,0.0587078447082817
432705187,0.3543003851091142,0.5291068580542265,0.8309189940896975,0.1940485121280319,0.1040862408041372
432706014,0.3523748395378687,0.3205741626794257,0.7651330783791092,0.1975493873468367,0.2793721319833928
432708019,0.4377406931964054,0.3512759170653906,0.7430370456213543,0.1365341335333833,0.2247796634860514
432708021,0.2528883183568675,0.370414673046252,0.7144898984046045,0.1257814453613403,0.1712797727438269
432708029,0.4409499358151474,0.3349282296650717,0.706532236257581,0.1615403850962741,0.2511836259013766
432708038,0.4569961489088574,0.2934609250398723,0.6393170317147603,0.1232808202050512,0.2756209483574915
432708067,0.3915275994865212,0.5063795853269538,0.7834434272028431,0.1675418854713679,0.0952727802461942
432708095,0.2721437740693195,0.3157894736842104,0.8925329315872832,0.1720430107526881,0.2608711486634132
432708142,0.4281129653401794,0.3325358851674641,0.6604086993471626,0.1635408852213053,0.2128705659552771
432708231,0.4544287548138639,0.3066188197767145,0.6463089581643295,0.3760940235058765,0.415616578046471
432709048,0.4030808729139923,0.432615629984051,0.6561594622783635,0.16704176044011,0.1513220190836914
432709069,0.4326059050064184,0.2292663476874001,0.5819909607138718,0.1952988247061765,0.4618690363464199
432709120,0.4364569961489088,0.5729665071770335,0.761076988449801,0.1700425106276569,0.0624954475926869
432709199,0.4557124518613604,0.4760765550239233,0.7468999884111716,0.2833208302075519,0.1965183188870274
432714081,0.4646983311938379,0.3736044657097287,0.7101634024800092,0.3765941485371343,0.361570398426688
432714085,0.3157894736842106,0.5179425837320574,0.8614748715571522,0.1500375093773443,0.0830723286473887
432714088,0.2958921694480101,0.3397129186602869,0.8883223239463823,0.2288072018004501,0.27121421807852
432714140,0.3369704749679076,0.5522328548644336,0.8692780159925831,0.1612903225806451,0.0348896496467331
432714160,0.2445442875481385,0.3851674641148325,0.8646811140727005,0.1550387596899224,0.175467987471775
432714182,0.3068035943517326,0.311004784688995,0.598331208714799,0.1250312578144536,0.1830431932405856
432714207,0.4261874197689344,0.3201754385964912,0.7343840537721635,0.2063015753938484,0.3042100662830505
432714215,0.3189987163029522,0.3066188197767145,0.8014833700312898,0.1052763190797699,0.2279117197173865
432715035,0.1405648267008983,0.2001594896331737,0.8703596399737319,0.0405101275318829,0.2865103066501566
432715048,0.4428754813863929,0.3480861244019138,0.6079499362614439,0.0940235058764691,0.1854104450433389
432715070,0.3992297817715018,0.3736044657097287,0.7911693127824776,0.1875468867216804,0.2660791026294704
432715111,0.4666238767650834,0.4015151515151515,0.7957662147023602,0.3803450862715679,0.292737999854323
432716083,0.274711168164313,0.3213716108452951,0.8964345038049986,0.0905226306576644,0.2236870857309345
432716092,0.3741976893453143,0.5889154704944178,0.8517402557268127,0.1372843210802701,0.0259305120547745
432716126,0.2368421052631579,0.4270334928229663,0.9182987599953644,0.1497874468617154,0.1263019884915142
434205185,0.4274711168164313,0.3708133971291864,0.634797388650674,0.0817704426106527,0.2144001748124408
435904123,0.487163029525032,0.3863636363636363,0.7412987213659366,0.3945986496624156,0.3215820525894093
435904155,0.4043645699614888,0.3696172248803827,0.6694093560474369,0.210302575643911,0.2512200451598806
435905183,0.5224646983311936,0.3728070175438597,0.6068296828523969,0.3005751437859465,0.2964527642217204
435909020,0.3485237483953787,0.3759968102073364,0.7011241163518368,0.1417854463615904,0.1830067739820816
435915135,0.3831835686777918,0.3684210526315788,0.8438598524355854,0.1972993248312078,0.2396023016971374
436904216,0.248395378690629,0.3991228070175437,0.8301850349596323,0.1632908227056764,0.1576589700633695
436905119,0.4370988446726569,0.3548644338118022,0.7372812608645265,0.4048512128032008,0.4188943113118216
436913144,0.3344030808729137,0.4800637958532693,0.8707459342527136,0.1492873218304576,0.0836550367834511
439011140,0.4306803594351733,0.4437799043062201,0.7423417159191872,0.2888222055513878,0.1674921698594217
439601061,0.1232349165596917,0.1232057416267942,0.8088615907598408,0.0300075018754688,0.3793429965765896
439602163,0.3632862644415917,0.3010366826156299,0.7924440839031174,0.2228057014253563,0.311421079466822
439602182,0.5057766367137355,0.2607655502392344,0.6293506393170316,0.450112528132033,0.44915871512856
439603011,0.5808729139922977,0.4892344497607656,0.7672190674856105,0.4281070267566891,0.1561657804647097
439606061,0.3472400513478817,0.2739234449760764,0.6725383397071889,0.2180545136284071,0.3372059144875809
439609052,0.3613607188703462,0.3213716108452951,0.7734770348051145,0.1357839459864966,0.2428436157039843
439609067,0.4191270860077019,0.3931419457735247,0.7717387105496967,0.3493373343335834,0.2423701653434336
439609072,0.4197689345314503,0.3281499202551834,0.7316413643913933,0.1717929482370592,0.2562823220919222
439610212,0.4724005134788189,0.3496810207336521,0.6897284351218758,0.0742685671417854,0.1937504552407312
439611183,0.6136071887034658,0.2898724082934608,0.5844246146714567,0.0387596899224806,0.1883604049821545
439612008,0.2130937098844669,0.2328548644338117,0.6383899254452041,0.1342835708927232,0.3122951416709155
439612087,0.4698331193838254,0.3528708133971291,0.6721520454282072,0.0662665666416604,0.1925850389686066
439612187,0.2130937098844669,0.3078149920255182,0.9002588171669177,0.1240310077519379,0.2460120911938233
439615214,0.4165596919127083,0.5311004784688994,0.7280488275968633,0.1362840710177544,0.0537548255517517
439615216,0.3600770218228497,0.4158692185007974,0.6632286475837292,0.1707926981745436,0.1524510160973123
439616106,0.3645699614890882,0.6072567783094097,0.7798895198362111,0.1395348837209302,0.0
439616120,0.4910141206675225,0.5219298245614034,0.6751265113763665,0.1885471367841961,0.0870056085658096
442902027,0.3350449293966622,0.3413078149920254,0.8569165990651678,0.3578394598649662,0.313897589045087
442903057,0.1604621309370988,0.3385167464114831,0.922895661915247,0.2100525131282821,0.253514458445626
442903113,0.4358151476251604,0.5330940988835725,0.8121837215590837,0.2075518879719929,0.0697428800349624
442904048,0.5,0.3979266347687399,0.7900104299455325,0.3193298324581146,0.2422973268264258
442904085,0.0,0.1012759170653907,0.865028778923784,0.0912728182045511,0.4630344526185447
442904175,0.4448010269576379,0.3620414673046251,0.7497585660756364,0.1697924481120279,0.2264913686357345
442905096,0.3491655969191272,0.367224880382775,0.8295283346853632,0.1530382595648912,0.2525311384660208
442905136,0.269576379974326,0.297846889952153,0.8380654382508594,0.1995498874718679,0.305411901813679
442905149,0.4659820282413349,0.395933014354067,0.799745045775872,0.3455863965991498,0.2855269866705514
442907178,0.3376123234916557,0.3895534290271131,0.6273419090663267,0.1072768192048012,0.1143564717022361
442912232,0.3947368421052628,0.4649122807017544,0.6942094487580639,0.1527881970492623,0.1202928108383713
445903045,0.2991014120667521,0.3034290271132377,0.7879630702669292,0.0740185046261565,0.2208828028261344
445903122,0.3106546854942231,0.4704944178628388,0.7440027813188086,0.1177794448612153,0.0920314662393473
445915235,0.3947368421052628,0.5259170653907496,0.7316799938192915,0.1690422605651413,0.0815063005317211
447105204,0.3915275994865212,0.4521531100478467,0.8537876154054158,0.2595648912228057,0.1393765022944132
450505198,0.3639281129653402,0.3397129186602869,0.7262718739135473,0.2165541385346336,0.2307524218806904
45203046,0.0860077021822847,0.0964912280701754,0.6887240699965234,0.1760440110027507,0.599898026076189
45204028,0.3587933247753527,0.4828548644338116,0.6930891953490168,0.1370342585646411,0.0884259596474615
45210137,0.4178433889602053,0.2882775119617223,0.6212384594584154,0.0557639409852463,0.2520941073639741
45214009,0.2984595635430036,0.3568580542264752,0.7591068876269942,0.1327831957989497,0.1919659115740403
45214029,0.4210526315789473,0.3612440191387559,0.7729362228145401,0.1882970742685671,0.2531138466020831
45214122,0.1187419768934532,0.0534290271132376,0.6509058600842121,0.0022505626406601,0.49785126374827
45215052,0.4878048780487805,0.4529505582137162,0.5892919225866264,0.1362840710177544,0.0530992788986816
45215058,0.3549422336328627,0.4796650717703349,0.8290647815505852,0.1815453863465866,0.1208026804574259
45215059,0.3799743260590498,0.498803827751196,0.6859427511878549,0.0802700675168792,0.2208828028261344
45215187,0.3979460847240048,0.478468899521531,0.7012786340634295,0.1382845711427857,0.0849661300895913
456006012,0.3613607188703462,0.2862838915470493,0.5767373585197202,0.115778944736184,0.179364848131692
457804194,0.496790757381258,0.6299840510366826,0.7149534515393827,0.1625406351587897,0.0207225580887172
46311041,0.5956354300385107,0.5047846889952153,0.3847491018658013,0.1110277569392348,0.0694151067084274
46311045,0.3414634146341462,0.3971291866028709,0.6733495576930505,0.1290322580645161,0.121094034525457
46311198,0.5089858793324775,0.3369218500797447,0.7039440645884034,0.0920230057514378,0.2269648189962852
46311200,0.4069319640564823,0.5454545454545453,0.6886081817128288,0.1280320080020005,0.050112899701362
46311201,0.4614890885750959,0.4800637958532693,0.69111909452621,0.1780445111277819,0.1048146259742151
46311213,0.5263157894736841,0.3448963317384369,0.6409394676864835,0.0815203800950237,0.2219025420642436
46312146,0.4422336328626444,0.5614035087719297,0.6551164677251129,0.1085271317829457,0.0602374535654453
473401088,0.2811296534017971,0.2408293460925039,0.7365473017344613,0.2153038259564891,0.3585475999708646
473407150,0.4088575096277278,0.4577352472089312,0.8029899177193185,0.2273068267066766,0.1363537038385898
475502102,0.3433889602053912,0.1949760765550238,0.4279754316838567,0.0770192548137034,0.2642945589627795
476207166,0.3722721437740692,0.3169856459330142,0.5131146907714297,0.1085271317829457,0.2359239565882438
476208176,0.3100128369704746,0.4385964912280701,0.7499130837872291,0.1350337584396099,0.0795032413140068
476213235,0.479460847240051,0.395933014354067,0.6884922934291342,0.1092773193298324,0.2274746886153398
476701002,0.3575096277278562,0.4461722488038276,0.8498474137598022,0.2310577644411103,0.1369728312331561
476713084,0.4050064184852373,0.4003189792663476,0.5634102058948507,0.1030257564391098,0.1446572947774783
48502240,0.2856225930680356,0.2914673046251993,0.7396762853942133,0.1305326331582895,0.2451016097312258
48502244,0.5224646983311936,0.3684210526315788,0.6807664078494997,0.1882970742685671,0.2651322019083691
48503003,0.3292682926829267,0.3572567783094098,0.7325684706609494,0.1357839459864966,0.1844635443222376
48503185,0.2496790757381255,0.3899521531100477,0.866342179472322,0.1637909477369342,0.1779080777915362
48510219,0.3510911424903722,0.5940988835725677,0.8826824274732491,0.1490372593148287,0.0223250054628887
496001069,0.3780487804878047,0.4314194577352471,0.6407076911190945,0.0972743185796449,0.1090392599606671
496006029,0.4306803594351733,0.5841307814992024,0.7064163479738865,0.1207801950487622,0.0337242333746084
496006158,0.3818998716302952,0.4852472089314193,0.7040985822999961,0.1660415103775944,0.1082744555320853
496008158,0.2991014120667521,0.3680223285486442,0.8182099123111987,0.1820455113778444,0.215019302207007
496011058,0.4614890885750959,0.4904306220095694,0.698922238961641,0.1890472618154539,0.1100589991987762
496012035,0.2464698331193835,0.416267942583732,0.8438212230076872,0.1607901975493873,0.1452764221720446
496013050,0.3106546854942231,0.420255183413078,0.7854907868814462,0.1790447611902976,0.1614829922062786
496014036,0.3607188703465982,0.5422647527910686,0.8741453239077529,0.1552888222055514,0.06140286983757
496713152,0.509627727856226,0.3456937799043061,0.64016687912852,0.0670167541885471,0.1853376065263311
498101051,0.3344030808729137,0.3592503987240828,0.716382740371615,0.1325331332833208,0.1725544467914633
498105083,0.4582798459563539,0.5414673046251993,0.6880673697222544,0.2198049512378095,0.1135916672736543
498114243,0.6129653401797173,0.3177830940988834,0.4871557152238575,0.4223555888972244,0.4152523854614319
498611070,0.4249037227214374,0.5546251993620414,0.7893537296712635,0.1882970742685671,0.0670114356471702
498615143,0.479460847240051,0.3668261562998404,0.6968748792830377,0.2320580145036259,0.2686648699832471
498705148,0.2843388960205391,0.3524720893141945,0.7985475335110287,0.1640410102525631,0.2062422609075679
498706074,0.487163029525032,0.4565390749601276,0.6609108819098388,0.2065516379094774,0.1178163012601063
498712071,0.0385109114249035,0.1036682615629983,0.8276354927183528,0.269567391847962,0.7114137956151213
498712184,0.487163029525032,0.3636363636363636,0.7112063970332598,0.1897974493623406,0.2451380289897297
498714134,0.3793324775353017,0.4094896331738434,0.7952254027117858,0.2798199549887472,0.2043120402068614
498715120,0.4852374839537869,0.3181818181818181,0.651099007223703,0.0655163790947737,0.2097749289824459
498716125,0.2875481386392811,0.2563795853269536,0.6799938192915362,0.0475118779694923,0.23093451817321
502107073,1.0,1.0,0.3139027311005523,0.2413103275818954,0.3631000072838517
504501158,0.3010269576379971,0.2874800637958532,0.6803414841426199,0.1487871967991998,0.2370165343433607
55101094,0.3196405648267006,0.5031897926634769,0.911075056978406,0.186046511627907,0.0869327700488018
55102159,0.0654685494223361,0.0566188197767144,0.6320160698420055,0.0147536884221055,0.5090319761089664
55103073,0.2464698331193835,0.3046251993620413,0.895855062386526,0.1025256314078519,0.231262291499745
55104076,0.3684210526315787,0.5015948963317384,0.8768107544327268,0.2448112028007001,0.1170150775730206
55104194,0.1649550706033373,0.2834928229665071,0.897863792637231,0.2528132033008252,0.3105105980042246
55106157,0.3459563543003852,0.5095693779904306,0.8458685826862904,0.1555388847211803,0.0751693495520431
55113214,0.4056482670089858,0.587719298245614,0.6982269092594738,0.1372843210802701,0.0303736615922499
55204097,0.2856225930680356,0.3145933014354065,0.8432031521613165,0.1465366341585396,0.2528589117925559
55204130,0.2772785622593066,0.409090909090909,0.7140649746977247,0.1205301325331333,0.1575497122878577
555506167,0.2926829268292681,0.3098086124401912,0.622281454011666,0.0760190047511878,0.2153470755335421
567012184,0.3735558408215658,0.2751196172248803,0.5098311894000849,0.1512878219554889,0.2128705659552771
602215094,0.3998716302952503,0.4270334928229663,0.616448410399042,0.1257814453613403,0.0819797508922718
602302003,0.2060333761232349,0.1483253588516745,0.7158032989531424,0.0197549387346837,0.3628450724743244
602303018,0.2984595635430036,0.5430622009569378,0.8280604164252326,0.1430357589397349,0.0545196299803335
602303144,0.1431322207958922,0.1698564593301433,0.7164599992274114,0.1815453863465866,0.4773472212105761
602303149,0.3722721437740692,0.3460925039872408,0.7213659365704793,0.1567891972993249,0.20551387573749
602304041,0.248395378690629,0.3014354066985645,0.9212732259435236,0.159039759939985,0.2547527132347585
602306127,0.4486521181001284,0.3811802232854865,0.7665237377834434,0.6116529132283071,0.4447884041080924
602308016,0.3055198973042361,0.3018341307814992,0.8277127515741491,0.0482620655163791,0.1990676669823002
602308209,0.4403080872913989,0.3620414673046251,0.7435392281840305,0.2708177044261066,0.28458008594945
602310111,0.1598202824133503,0.0215311004784688,0.6602541816355699,0.3060765191297825,1.0
602310116,0.268292682926829,0.395933014354067,0.767759879476185,0.1270317579394848,0.1409789496685847
602311215,0.3485237483953787,0.3317384370015948,0.7574071927994745,0.3115778944736184,0.3816374098623352
602312031,0.4467265725288829,0.55103668261563,0.7581411519295399,0.1497874468617154,0.0639157986743389
602312065,0.4146341463414633,0.3668261562998404,0.8126859041217599,0.0342585646411602,0.1315827809745793
602312140,0.2901155327342746,0.5370813397129187,0.9406651987484064,0.1572893223305826,0.0549202418238764
602312144,0.3209242618741976,0.4453748006379584,0.8730250704987059,0.2273068267066766,0.1415252385461432
602312230,0.3838254172015403,0.3696172248803827,0.5232356008807508,0.1102775693923481,0.1717532231043776
602313165,0.3292682926829267,0.4174641148325356,0.7561710511067331,0.1355338834708677,0.1779080777915362
602315094,0.3985879332477533,0.5271132376395534,0.841310310194306,0.164291072768192,0.0608565809600116
602315107,0.2201540436456994,0.4142743221690589,0.9405106810368138,0.1782945736434108,0.1416344963216549
602315185,0.3112965340179716,0.3843700159489632,0.8133426043960288,0.2763190797699425,0.2603248597858547
602316239,0.0879332477535301,0.2783094098883572,0.9558851933402864,0.1447861965491373,0.2913904872896787
605508021,0.011553273427471,0.1064593301435405,0.8634063429520609,0.0940235058764691,0.4966858474761453
605511109,0.3555840821566107,0.29585326953748,0.6418665739560396,0.0947736934233558,0.2086095127103212
605512041,0.2913992297817716,0.3628389154704942,0.7578321165063545,0.1522880720180045,0.1785636244446063
605512090,0.3324775353016687,0.3688197767145135,0.7935257078842661,0.210302575643911,0.2242697938669968
616111076,0.5186136071887035,0.5721690590111642,0.7157646695252443,0.1827956989247312,0.0614757083545779
616112035,0.3112965340179716,0.5283094098883571,0.8943871441263954,0.1455363840960239,0.0461432005244373
617212186,0.3985879332477533,0.3313397129186602,0.6760922470738208,0.0575143785946486,0.1958627722339573
620102211,0.2804878048780486,0.3955342902711324,0.8244678796307027,0.1552888222055514,0.1647971447301332
628504018,0.266367137355584,0.43341307814992,0.8087070730482481,0.1540385096274068,0.1495738946755044
628515137,0.6225930680359433,0.4142743221690589,0.1416541121025997,0.1417854463615904,0.4861242625100153
628606091,0.2175866495507059,0.3149920255183412,0.7292077104338084,0.1632908227056764,0.2709957025274965
629316044,0.4865211810012835,0.4114832535885168,0.4133348785104492,0.0905226306576644,0.1436739747978731
648303242,0.3286264441591782,0.5685805422647526,0.8233862556495538,0.1110277569392348,0.0273144438779226
648305111,0.3594351732991012,0.337719298245614,0.6933209719164058,0.1695423855963991,0.1883604049821545
648308181,0.3344030808729137,0.2527910685805422,0.6807664078494997,0.1970492623155789,0.2160026221866123
661511180,0.3953786906290113,0.6188197767145135,0.8406149804921389,0.1422855713928482,0.0184645640614757
680913174,0.2156611039794609,0.3261562998405104,0.8416966044732878,0.1645411352838209,0.2343215092140723
685604100,0.3504492939666237,0.335725677830941,0.5419322439834666,0.0967741935483871,0.1771796926214582
685608200,0.6732991014120664,0.5506379585326954,0.330590643952563,0.1305326331582895,0.0525529900211231
685614108,0.5609756097560976,0.4613237639553428,0.0135975586201566,0.1275318829707427,0.0621676742661519
685616214,0.2965340179717586,0.4178628389154705,0.8335071657588751,0.2145536384096024,0.1852283487508194
686002077,0.3498074454428752,0.5003987240829345,0.8203731602734963,0.1275318829707427,0.0617306431641051
686002088,0.4563543003851089,0.3094098883572567,0.6775987947618496,0.1010252563140785,0.2438997742005973
686005119,0.4460847240051349,0.3389154704944178,0.7195503534592652,0.0787696924231058,0.1957170951999417
686010043,0.5250320924261871,0.4681020733652311,0.8349364545911074,0.4428607151787947,0.1880326316556195
686010068,0.3305519897304236,0.3417065390749599,0.8843434928728705,0.2170542635658914,0.278243134969772
686010089,0.3029525032092426,0.3847687400318978,0.9816510217483678,0.4563640910227557,0.3163740986233521
686010177,0.3754813863928112,0.4377990430622008,0.7506470429172943,0.1942985746436609,0.1404690800495302
686010224,0.4017971758664953,0.3736044657097287,0.698265538687372,0.132033008252063,0.1790370748051569
686010230,0.4557124518613604,0.2914673046251993,0.7206706068683122,0.1790447611902976,0.2083909971592978
687710202,0.490372272143774,0.4023125996810207,0.7632402364120987,0.3448362090522631,0.2635661737927016
687710212,0.3125802310654686,0.3098086124401912,0.8289875226947888,0.2160540135033758,0.2988564352829777
688006112,0.2657252888318355,0.3943381180223285,0.795032255572295,0.1250312578144536,0.1502658605870784
688006213,0.2368421052631579,0.3911483253588516,0.8076640784949974,0.1517879469867467,0.159589190764076
699408069,0.3799743260590498,0.2898724082934608,0.6133580561671881,0.1505376344086021,0.2969990530992789
700113004,0.5699614890885751,0.3448963317384369,0.5877467454706995,0.2950737684421106,0.2837060237453566
710516096,0.5237483953786906,0.3261562998405104,0.6193456174914049,0.0782695673918479,0.2176779080777915
712101053,0.4306803594351733,0.3229665071770334,0.7212500482867849,0.1467866966741685,0.2502003059217714
712101208,0.0956354300385107,0.3062200956937798,0.9762042724147256,0.1582895723930983,0.2386554009760361
712102168,0.511553273427471,0.3313397129186602,0.6574342333990033,0.1305326331582895,0.2308616796562021
712716056,0.3183568677792041,0.5007974481658691,0.9678989454166184,0.2853213303325832,0.112608347294049
712716195,0.3568677792041077,0.3397129186602869,0.8219569668173214,0.1915478869717429,0.2491805666836623
713402197,0.3536585365853657,0.3301435406698564,0.8177849886043187,0.1995498874718679,0.2861096948066137
713406197,0.3299101412066751,0.3464912280701753,0.8387607679530266,0.1172793198299574,0.2180056814043266
722205140,0.3857509627727853,0.3297448165869218,0.7132537567118631,0.3303325831457865,0.3600772088280282
722207050,0.255455712451861,0.3883572567783092,0.8635222312357553,0.1675418854713679,0.1844999635807414
724303014,0.0353016688061615,0.1311802232854864,0.8489589369181442,0.1622905726431607,0.4574987253259522
724303101,0.501925545571245,0.3201754385964912,0.6394329199984548,0.1730432608152038,0.255663194697356
724310091,0.5584082156611037,0.4677033492822967,0.7241086259512496,0.6091522880720182,0.2541700050986962
72501120,0.2060333761232349,0.2974481658692185,0.7380152199945919,0.1017754438609652,0.2424430038604414
72501131,0.3478818998716302,0.3309409888357256,0.7989338277900104,0.1197799449862465,0.2346857017991113
72502054,0.510269576379974,0.3237639553429026,0.630084598447097,0.0567641910477619,0.1851190909753078
72505187,0.2560975609756095,0.3580542264752789,0.7285123807316413,0.0905226306576644,0.1617743462743099
72507044,0.5192554557124516,0.4848484848484847,0.4513462355622513,0.1110277569392348,0.0870420278243135
730509192,0.3575096277278562,0.3297448165869218,0.817630470892726,0.1357839459864966,0.2300604559691165
731105205,0.3311938382541717,0.4122807017543858,0.7886197705411983,0.1187796949237309,0.1356981571855196
731115186,0.3947368421052628,0.6100478468899521,0.8433190404450109,0.1510377594398599,0.0297909534561876
734903128,0.4345314505776634,0.3197767145135566,0.7099316259126202,0.0490122530632658,0.1583145167164396
740502040,0.3575096277278562,0.348883572567783,0.8202959014176999,0.1542885721430358,0.2315536455677762
740502047,0.1302952503209242,0.2531897926634767,0.8433190404450109,0.1275318829707427,0.3010780100517154
741108103,0.2477535301668805,0.2747208931419458,0.8436667052960946,0.153538384596149,0.2973996649428218
741108112,0.3048780487804876,0.3153907496012759,0.8467570595279483,0.1970492623155789,0.2760215602010343
741108119,0.3241335044929396,0.4700956937799042,0.7325298412330513,0.1420355088772193,0.1004807342122514
75402148,0.258023106546855,0.4397926634768739,0.9152856646193068,0.1685421355338834,0.1210576152669531
75403234,0.1315789473684208,0.2811004784688995,0.8785104492602465,0.1587896974243561,0.2676815500036419
75407242,0.3376123234916557,0.2906698564593302,0.7333796886468111,0.097024256064016,0.2642581397042757
75414010,0.4525032092426184,0.3401116427432216,0.7007378220728551,0.1552888222055514,0.2497268555612208
75414046,0.5539152759948651,0.3987240829346091,0.1444740603391663,0.1092773193298324,0.1460412266006264
75414168,0.4672657252888319,0.3118022328548644,0.758836481631707,0.3498374593648412,0.4700997887683006
768607142,0.2785622593068035,0.3181818181818181,0.8626723838219955,0.2043010752688172,0.2811566756500837
768607147,0.3196405648267006,0.3365231259968101,0.8705527871132228,0.0962740685171293,0.2142544977784252
778004020,0.4326059050064184,0.4804625199362041,0.6674778846525282,0.1360340085021255,0.0876611552188797
779101200,0.2708600770218226,0.3871610845295056,0.8428168578823347,0.2043010752688172,0.2236142472139267
779102144,0.254813863928113,0.3476874003189791,0.7372426314366284,0.153538384596149,0.1770340155874426
779102150,0.4550706033376124,0.4617224880382774,0.894271255842701,0.4888722180545137,0.2386554009760361
779103106,0.1367137355584082,0.0350877192982455,0.5844246146714567,0.1090272568142035,0.6724816082744556
779103231,0.2490372272143775,0.161084529505582,0.5181751458260903,0.1015253813453363,0.4288003496248816
779104044,0.0770218228498071,0.1052631578947368,0.6873720400200872,0.1577894473618404,0.6006264112462671
779104114,0.5474967907573811,0.6471291866028707,0.7115540618843434,0.226306576644161,0.0306650156602811
779106027,0.2477535301668805,0.2791068580542263,0.8585776644647892,0.1352838209552388,0.2797727438269356
779106043,0.4005134788189988,0.518341307814992,0.7841773863329083,0.1702925731432858,0.0779372131983393
779106245,0.4801026957637995,0.3050239234449761,0.2716807664078494,0.064516129032258,0.1548546871585694
779107184,0.2073170731707314,0.314194577352472,0.969366863676749,0.0910227556889222,0.2260179182751839
779107188,0.3305519897304236,0.4338118022328548,0.821184378259358,0.1727931982995749,0.1366814771651249
779109018,0.3421052631578947,0.5717703349282296,0.8931896318615521,0.1835458864716179,0.0898463107291135
779109062,0.1251604621309368,0.1945773524720893,0.8391084328041101,0.2275568892223056,0.4999271614829922
779109187,0.5320924261874196,0.3421052631578948,0.6259512496619924,0.0567641910477619,0.1849734139412921
779109229,0.4261874197689344,0.3508771929824561,0.7287827867269285,0.1330332583145786,0.2384733046835166
779109232,0.3652118100128367,0.5829346092503985,0.9328620543129756,0.2015503875968992,0.0396605725107436
779113085,0.4139922978177148,0.5322966507177033,0.8886699887974658,0.2435608902225556,0.0832180056814043
779113138,0.2676508344030806,0.3070175438596491,0.8797852203808861,0.2095523880970242,0.3089809891470609
779113204,0.2689345314505775,0.3995215311004784,0.7448912581604665,0.1465366341585396,0.168439070580523
779114080,0.498716302952503,0.6016746411483253,0.6811140727005832,0.1465366341585396,0.0440308835312112
779114136,0.3889602053915273,0.3736044657097287,0.8188279831575693,0.2648162040510128,0.2685920314662393
779115087,0.3112965340179716,0.3775917065390749,0.8043419476957546,0.2010502625656414,0.2144730133294486
779115227,0.3761232349165597,0.4043062200956936,0.6081817128288329,0.1315328832208052,0.1393400830359094
779309195,0.3369704749679076,0.3289473684210525,0.8097500676014988,0.148037009252313,0.2697210284798601
780106069,0.0121951219512195,0.0709728867623603,0.8399969096457681,0.1350337584396099,0.6002622186612281
780109243,0.5044929396662385,0.44896331738437,0.8198709777108201,0.4738684671167792,0.2328283196154126
780112170,0.479460847240051,0.3839712918660286,0.7419167922123073,0.0655163790947737,0.1972831233156093
780113172,0.3568677792041077,0.3086124401913875,0.6950979255997218,0.3218304576144036,0.3852064971957171
78907146,0.7329910141206675,0.5402711323763955,0.1588055780893884,0.1397849462365591,0.2022361424721392
78914151,0.3786906290115532,0.5554226475279106,0.8871634411094371,0.1905476369092273,0.0525165707626192
78916024,0.4852374839537869,0.3066188197767145,0.642832309653494,0.0455113778444611,0.1988127321727729
792412124,0.3331193838254171,0.5398724082934608,0.7857998223046316,0.1115278819704926,0.0469808434700269
793703203,0.4653401797175864,0.3724082934609248,0.7475180592575423,0.1497874468617154,0.2185155510233812
794007061,0.2477535301668805,0.3775917065390749,0.8568779696372696,0.2058014503625906,0.2082453201252822
794506068,0.3254172015404362,0.3628389154704942,0.8984046046278054,0.1955488872218054,0.235159152159662
794506189,0.2175866495507059,0.2914673046251993,0.7226793371190172,0.1110277569392348,0.2522033651394857
794507135,0.3048780487804876,0.3720095693779902,0.8665353266118129,0.2170542635658914,0.2013620802680457
794507149,0.3697047496790757,0.5342902711323764,0.8633290840962645,0.1755438859714929,0.0519338626265569
794512101,0.4672657252888319,0.4976076555023921,0.7107042144705836,0.16704176044011,0.0816883968242406
794512184,0.1379974326059048,0.3369218500797447,0.9417081933016572,0.1430357589397349,0.1855561220773544
794513180,0.4525032092426184,0.4266347687400319,0.6826978792444083,0.2375593898474619,0.1486634132129069
797301053,0.3433889602053912,0.3720095693779902,0.7910920539266812,0.1922980745186296,0.1821691310364921
797301201,0.4505776636713734,0.3544657097288675,0.7176188820643565,0.1585396349087272,0.2383640469080049
804601117,0.3177150192554556,0.5099681020733652,0.8937690732800246,0.1645411352838209,0.0825624590283341
804603084,0.3504492939666237,0.3241626794258372,0.8134584926797234,0.1312828207051763,0.2360696336222594
804604171,0.4704749679075735,0.3169856459330142,0.6415961679607525,0.0725181295323831,0.1803117488527933
804605206,0.3260590500641847,0.293859649122807,0.7397149148221114,0.2720680170042511,0.3632092650593633
804610023,0.3472400513478817,0.3213716108452951,0.8460231003978831,0.1197799449862465,0.2279117197173865
804610213,0.0930680359435172,0.1881977671451354,0.7433460810445397,0.1875468867216804,0.4871075824896205
804614064,0.4364569961489088,0.2962519936204146,0.7136014215629466,0.107776944236059,0.234102993663049
804615015,0.3896020539152758,0.3329346092503986,0.7917873836288484,0.1497874468617154,0.2257629834656566
804615178,0.256739409499358,0.3580542264752789,0.865221926063275,0.1845461365341336,0.1881783086896351
805312077,0.4595635430038509,0.4497607655502392,0.4253872600146791,0.0885221305326331,0.0666472430621312
805611229,0.3350449293966622,0.2862838915470493,0.7376289257156101,0.1827956989247312,0.2967076990312477
805615114,0.2856225930680356,0.3425039872408293,0.9124657163827404,0.2118029507376844,0.2727438269356835
807412188,0.3709884467265723,0.4936204146730462,0.7593772936222813,0.1442860715178794,0.0920678854978512
843303222,0.3498074454428752,0.3078149920255182,0.7837524626260285,0.4271067766941736,0.4376866486998324
843310046,0.4916559691912705,0.5211323763955343,0.7322980646656623,0.264066016504126,0.1044504333891762
843409007,0.4852374839537869,0.543859649122807,0.6740448873952176,0.140035008752188,0.0432660791026294
843501061,0.2560975609756095,0.3548644338118022,0.7964615444045273,0.1300325081270317,0.1813679073494063
843602019,0.495507060333761,0.2962519936204146,0.6082203422567312,0.0695173793448362,0.2172772962342486
843605127,0.4017971758664953,0.498006379585327,0.8352454900142928,0.2860715178794699,0.1184718479131764
843607210,0.1688061617458278,0.1798245614035087,0.7620427241472554,0.1717929482370592,0.4982882948503168
844805199,0.4569961489088574,0.3413078149920254,0.4087379765905666,0.0692673168292073,0.127831597348678
844806073,0.2670089858793325,0.3724082934609248,0.8950052149727662,0.2375593898474619,0.2615266953164833
844808193,0.3703465982028242,0.5514354066985646,0.7388264379804534,0.1387846961740435,0.046580231626484
869413250,0.3324775353016687,0.3504784688995215,0.8017151465986788,0.2783195798949738,0.2468861533979168
874703047,0.5635430038510911,0.584529505582137,0.7848727160350755,0.2338084521130282,0.0539733411027751
874713225,0.2798459563543001,0.4756778309409889,0.8542511685401939,0.1477869467366842,0.0707626192730715
879202082,0.2150192554557124,0.226475279106858,0.6680573260710009,0.1235308827206801,0.3431058343652123
879206008,0.4094993581514763,0.3476874003189791,0.7927917487542009,0.2108027006751688,0.2559909680238911
879207035,0.3799743260590498,0.348883572567783,0.81627844091629,0.1947986996749187,0.2551169058197975
893811088,0.1880616174582798,0.4226475279106857,1.0,0.1525381345336334,0.1338771942603248
91210085,0.3112965340179716,0.4270334928229663,0.6999266040869934,0.1275318829707427,0.1293612062058416
92002245,0.4204107830551988,0.34688995215311,0.7311391818287171,0.2433108277069267,0.2917182606162138
92901049,0.4550706033376124,0.6156299840510367,0.7188163943291999,0.1102775693923481,0.0070653361497559
92903128,0.4576379974326059,0.3484848484848485,0.7098157376289257,0.1857964491122781,0.2656056522689198
92905043,0.5744544287548137,0.5653907496012759,0.4555568432031521,0.1117779444861215,0.0426469517080632
92909067,0.4505776636713734,0.4250398724082934,0.4890485571908679,0.0945236309077269,0.1388666326753587
93506183,0.4403080872913989,0.5526315789473685,0.6837022443697608,0.1502875718929732,0.0472357782795542
93516021,0.3985879332477533,0.5960925039872408,0.883570904314907,0.2098024506126531,0.0404982154563332
938701078,0.474326059050064,0.5366826156299841,0.5788233476262217,0.1225306326581645,0.0462888775584528
938707249,0.2894736842105261,0.4318181818181817,0.8659558851933402,0.1357839459864966,0.1073639740694879
93911140,0.3055198973042361,0.3281499202551834,0.8588094410321783,0.115778944736184,0.2367980187923374
93911142,0.2246469833119384,0.4445773524720892,0.814269710665585,0.1375343835958989,0.139121567484886
94107103,0.4139922978177148,0.5925039872408292,0.787654034843744,0.1302825706426607,0.0186466603539951
94303083,0.3016688061617456,0.3082137161084528,0.7424962336307799,0.1975493873468367,0.3254060747323184
94303250,0.4062901155327343,0.4673046251993619,0.7476339475412368,0.2085521380345086,0.1302352684099351
94306201,0.3465982028241332,0.3568580542264752,0.6589021516591339,0.1762940735183796,0.2207007065336149
94307221,0.3311938382541717,0.3660287081339711,0.7609611001661065,0.2043010752688172,0.231626484084784
94309060,0.4037227214377403,0.4011164274322168,0.6498242361030633,0.1477869467366842,0.1256464418384441
94309082,0.2291399229781769,0.2260765550239233,0.8128790512612508,0.2660665166291573,0.4741423264622332
94310220,0.500641848523748,0.5115629984051037,0.7711206397033259,0.4263565891472868,0.177252531138466
94314041,0.3106546854942231,0.3568580542264752,0.8951597326843589,0.1617904476119029,0.2362517299147789
94314173,0.3953786906290113,0.4286283891547048,0.7942210375864333,0.2163040760190048,0.1703328720227256
94406185,0.3421052631578947,0.5263157894736842,0.8914899370340325,0.1895473868467117,0.0767353776677106
94406212,0.2689345314505775,0.316188197767145,0.8651832966353767,0.2308077019254814,0.2387646587515478
94407234,0.2560975609756095,0.2464114832535884,0.6101131842237416,0.1600400100025006,0.3101099861606817
96002058,0.4672657252888319,0.6164274322169058,0.782091397226407,0.1607901975493873,0.0177361788913977
96009077,0.487163029525032,0.6036682615629984,0.7886583999690964,0.2180545136284071,0.0594726491368635
99902118,0.3767650834403078,0.3819776714513555,0.7310619229729207,0.1632908227056764,0.1661082380362736
99908131,0.1726572528883183,0.098883572567783,0.7047166531463669,0.2570642660665166,0.6718624808798893
99913202,0.2336328626444159,0.3572567783094098,0.8543670568238884,0.1850462615653914,0.2226309272343215
